Economic,Capacity,Morality,Fairness,"Legality,",Policy,Crime,Security,Health,Quality,Cultural,Public,Political,External,Other
0.23114369809627533,0.31762391328811646,0.10056713223457336,0.18350288271903992,0.18921862542629242,0.030149757862091064,0.14419302344322205,0.2537674307823181,0.23713265359401703,0.24313314259052277,0.12314749509096146,0.2637642025947571,0.142269104719162,0.04930693283677101,0.03541736677289009
0.11673527956008911,0.12171261757612228,0.005213805008679628,0.12514781951904297,0.021621709689497948,0.017989331856369972,0.022425023838877678,0.35190197825431824,0.08373807370662689,0.418552041053772,0.09622292965650558,0.20895011723041534,0.45919516682624817,0.05356106162071228,0.019698625430464745
0.971095621585846,0.850038468837738,0.00347908609546721,0.013631013222038746,0.007215768098831177,0.904578685760498,0.01675652526319027,0.48392724990844727,0.0003326631267555058,0.38762569427490234,0.16099222004413605,0.18125410377979279,0.2210826426744461,0.010674234479665756,0.12479477375745773
0.652560293674469,0.693580687046051,0.0643848404288292,0.1200789138674736,0.014100249856710434,0.285617858171463,0.021700190380215645,0.17655682563781738,0.0017342926003038883,0.21890121698379517,0.11761866509914398,0.281918466091156,0.4346166253089905,0.14122168719768524,0.29434165358543396
0.9571430683135986,0.8467220664024353,0.019730832427740097,0.2677651643753052,0.017336547374725342,0.8836342692375183,0.05401063337922096,0.349968820810318,0.005440752021968365,0.36834070086479187,0.10274986177682877,0.23214074969291687,0.47732821106910706,0.6670053005218506,0.13524237275123596
0.880182147026062,0.8893265724182129,0.04705418273806572,0.176129549741745,0.04431086406111717,0.6008045077323914,0.06129559874534607,0.4557247459888458,0.003337402828037739,0.5258612036705017,0.15899896621704102,0.37139779329299927,0.5085716247558594,0.34911489486694336,0.08175144344568253
0.18630468845367432,0.5441132187843323,0.2358374148607254,0.6332497596740723,0.42060014605522156,0.0048674787394702435,0.45408812165260315,0.47019124031066895,0.1152118444442749,0.5697579383850098,0.37869954109191895,0.6491022109985352,0.5181037187576294,0.012485835701227188,0.2915688753128052
0.6147177219390869,0.6405929327011108,0.05149173364043236,0.24286603927612305,0.09876148402690887,0.5199046730995178,0.07571303099393845,0.4659278988838196,0.11648617684841156,0.3540370464324951,0.08305592834949493,0.4369533956050873,0.46213749051094055,0.03502117469906807,0.1307907998561859
0.41625773906707764,0.5135633945465088,0.024568913504481316,0.555263876914978,0.12810435891151428,0.2575618624687195,0.037899117916822433,0.6372694373130798,0.08978952467441559,0.24477222561836243,0.14481952786445618,0.37212878465652466,0.2523697018623352,0.04553057625889778,0.09106765687465668
0.5607054233551025,0.6348555684089661,0.31314218044281006,0.7757859230041504,0.7939708828926086,0.23982104659080505,0.44705715775489807,0.3974355459213257,0.4650704562664032,0.5175933241844177,0.3175845742225647,0.65659499168396,0.4410235285758972,0.04234325513243675,0.12067241966724396
0.003899532835930586,0.19274626672267914,0.0007834610296413302,0.057892244309186935,0.000605330802500248,0.21811702847480774,0.00023594751837663352,0.001457173959352076,3.599358024075627e-05,0.0005849555018357933,0.006813986226916313,0.0013969352003186941,0.0006839025882072747,0.001271807006560266,0.023331329226493835
0.3679541051387787,0.4511977434158325,0.15673093497753143,0.12856914103031158,0.009823954664170742,0.07491133362054825,0.01421761978417635,0.8365763425827026,0.0010877236491069198,0.3066402077674866,0.6610690951347351,0.07954523712396622,0.2678665518760681,0.059769485145807266,0.18164916336536407
0.5985451936721802,0.74295574426651,0.001262872596271336,0.05892514809966087,0.00020940625108778477,0.8276707530021667,0.0001047967525664717,0.0011072326451539993,3.294218549854122e-05,0.00341751123778522,0.006806833203881979,0.0023658284917473793,0.003015501657500863,0.0014933592174202204,0.019225094467401505
0.9262276887893677,0.7196825742721558,0.040999941527843475,0.7241981625556946,0.015444447286427021,0.23348896205425262,0.0017576324753463268,0.6201859712600708,0.00022655709472019225,0.45097121596336365,0.1608218252658844,0.03778081759810448,0.060866743326187134,0.01810579188168049,0.11723107099533081
0.8330879211425781,0.6530356407165527,0.19943825900554657,0.5353274941444397,0.26624563336372375,0.06458721309900284,0.2001534402370453,0.5693133473396301,0.24322639405727386,0.47764697670936584,0.28205743432044983,0.3939925730228424,0.3274354338645935,0.025008976459503174,0.08693835139274597
0.7930088639259338,0.7251942753791809,0.7577095627784729,0.8213484287261963,0.5685886144638062,0.6882440447807312,0.577356219291687,0.7420763373374939,0.5708171129226685,0.6932928562164307,0.5026437044143677,0.7942478656768799,0.7163384556770325,0.15110626816749573,0.3131003677845001
0.5268607139587402,0.4835963249206543,0.11058175563812256,0.23779641091823578,0.012630370445549488,0.28922873735427856,0.07082538306713104,0.5241763591766357,0.06522946059703827,0.5493277907371521,0.21871641278266907,0.11096092313528061,0.15360786020755768,0.08248650282621384,0.15301114320755005
0.3180710971355438,0.5121715664863586,0.02848786674439907,0.10266411304473877,0.003935577813535929,0.24735382199287415,0.0015545547939836979,0.40549802780151367,0.0007103696698322892,0.09826198220252991,0.061360713094472885,0.0465908981859684,0.017048051580786705,0.0034945886582136154,0.026123566552996635
0.0030658994801342487,0.33399003744125366,0.002469949657097459,0.03778471797704697,0.0007912741857580841,0.02610611729323864,0.00034596893237903714,0.0020168418996036053,0.00017760184709914029,0.015180646441876888,0.03843766450881958,0.0033736377954483032,0.0028736311942338943,0.0019248556345701218,0.7998584508895874
0.7833678126335144,0.8069155216217041,0.18134796619415283,0.5778756141662598,0.7684407830238342,0.5385873317718506,0.8702338933944702,0.8883802890777588,0.4977226257324219,0.65269535779953,0.2384617179632187,0.4277576804161072,0.713318943977356,0.10880658030509949,0.17977821826934814
0.5589321851730347,0.6636661887168884,0.024893004447221756,0.31816884875297546,0.055618103593587875,0.1333952099084854,0.01867072656750679,0.24539311230182648,0.0037883082404732704,0.3119322955608368,0.07932048290967941,0.5696907043457031,0.2201135903596878,0.04060934856534004,0.09876561909914017
0.12080403417348862,0.5152130722999573,0.01676124520599842,0.3694479763507843,0.021894458681344986,0.18946056067943573,0.27627766132354736,0.35853463411331177,0.43834203481674194,0.6119356155395508,0.04591191187500954,0.3325052559375763,0.02429034560918808,0.022772718220949173,0.04366835206747055
0.9230198264122009,0.4873528778553009,0.002486373530700803,0.24572330713272095,0.02073347009718418,0.8059256672859192,0.036893412470817566,0.056272540241479874,0.004717004485428333,0.27348247170448303,0.012112497352063656,0.196248397231102,0.027301263064146042,0.004737343639135361,0.11330573260784149
0.849687397480011,0.60426265001297,0.0021352660842239857,0.03615902364253998,0.008968919515609741,0.4256596863269806,0.0715978667140007,0.0034153831657022238,7.823287887731567e-05,0.06641294807195663,0.030136186629533768,0.48087698221206665,0.10923902690410614,0.005004584789276123,0.11473885178565979
0.8549956679344177,0.2473040521144867,0.009184281341731548,0.023722197860479355,0.0004737424314953387,0.04988408833742142,0.0017261776374652982,0.003900383599102497,0.0004885056987404823,0.00869413185864687,0.025042816996574402,0.017515353858470917,0.008128337562084198,0.0008634830010123551,0.03496134281158447
0.987963855266571,0.4577352702617645,0.0026072515174746513,0.030837051570415497,0.0017182240262627602,0.11466269940137863,0.001665708259679377,0.012796196155250072,0.0001661734568187967,0.07252869755029678,0.009710642509162426,0.13047035038471222,0.018443267792463303,0.0021865370217710733,0.03399113938212395
0.6102781295776367,0.6643425822257996,0.27853336930274963,0.7026227116584778,0.663894534111023,0.5591137409210205,0.35531023144721985,0.7155331969261169,0.4527921676635742,0.6965842843055725,0.34346452355384827,0.7958542108535767,0.5684376955032349,0.03563271090388298,0.10201489180326462
0.2892262041568756,0.33392220735549927,0.17468395829200745,0.4111096262931824,0.4018259048461914,0.2542305588722229,0.34770965576171875,0.541932225227356,0.48185789585113525,0.5377541184425354,0.20686376094818115,0.2273007184267044,0.24013248085975647,0.10235581547021866,0.06019877642393112
0.2399165779352188,0.30925413966178894,0.042575422674417496,0.3169994354248047,0.022545920684933662,0.3474010229110718,0.0037322700954973698,0.009687204845249653,0.01077080424875021,0.10575320571660995,0.10267321020364761,0.49575382471084595,0.0792410746216774,0.003352365456521511,0.4465336799621582
0.009167453274130821,0.3567264676094055,0.005694196093827486,0.12584850192070007,0.004997706972062588,0.012947921641170979,0.008353408426046371,0.18209423124790192,0.037058498710393906,0.7346871495246887,0.27794328331947327,0.3350329101085663,0.014612906612455845,0.0027214086148887873,0.08933696895837784
0.41284406185150146,0.6193689107894897,0.5226221680641174,0.4826466739177704,0.01943431980907917,0.1761300265789032,0.042534735053777695,0.27798429131507874,0.7450405359268188,0.5738435983657837,0.3153420090675354,0.7414417862892151,0.06911003589630127,0.01311031449586153,0.04785142093896866
0.6786230802536011,0.8446773290634155,0.1002511978149414,0.7730491757392883,0.11368439346551895,0.3007177710533142,0.08931803703308105,0.36522218585014343,0.20785796642303467,0.7086461186408997,0.5438381433486938,0.347233384847641,0.04804866388440132,0.012326139956712723,0.13903623819351196
0.3421666622161865,0.7699006199836731,0.17326471209526062,0.6157738566398621,0.6110612750053406,0.14982613921165466,0.7072325348854065,0.7912927865982056,0.6684826612472534,0.6491988301277161,0.36315426230430603,0.7062526941299438,0.4712822139263153,0.16152389347553253,0.024706711992621422
0.8686357140541077,0.3756125569343567,0.033468324691057205,0.2515608072280884,0.0006468976498581469,0.19863340258598328,0.000845319009386003,0.015356773510575294,9.378154936712235e-05,0.060352884232997894,0.016949363052845,0.007779707666486502,0.005172881297767162,0.002366493921726942,0.024755267426371574
0.8668088912963867,0.4991995096206665,0.009115730412304401,0.050749193876981735,0.0005473701166920364,0.40318748354911804,0.0003046310448553413,0.005163870751857758,0.0002323658554814756,0.04720882698893547,0.039685435593128204,0.0059539503417909145,0.005367522593587637,0.0007107509300112724,0.026638057082891464
0.5865930318832397,0.687667727470398,0.01443886011838913,0.03391847759485245,0.0006378331454470754,0.3692775368690491,0.001653006998822093,0.3755951225757599,0.0002855698112398386,0.1379787176847458,0.03540114685893059,0.005245682317763567,0.010680138133466244,0.005056288093328476,0.026103945448994637
0.641720712184906,0.5444398522377014,0.0821785107254982,0.5248279571533203,0.04461968317627907,0.3758527636528015,0.11533128470182419,0.22984057664871216,0.15538042783737183,0.322100430727005,0.12734894454479218,0.21699710190296173,0.1750362515449524,0.006613620091229677,0.05627652630209923
0.7479192614555359,0.6699587106704712,0.4270384907722473,0.7684754729270935,0.48148348927497864,0.33257487416267395,0.31810855865478516,0.6604263186454773,0.4811989665031433,0.6425054669380188,0.3846387565135956,0.6095465421676636,0.413377046585083,0.06535302102565765,0.10990115255117416
0.02506057545542717,0.2632310092449188,0.009225728921592236,0.3061533570289612,0.020623695105314255,0.22400197386741638,0.010522883385419846,0.004322233144193888,0.025497378781437874,0.0513978973031044,0.018042514100670815,0.09342014789581299,0.012503347359597683,0.0011641515884548426,0.2138773500919342
0.6931108832359314,0.5287028551101685,0.34474191069602966,0.549566924571991,0.23074397444725037,0.39597803354263306,0.37663429975509644,0.5738300681114197,0.5275395512580872,0.5900496244430542,0.36623042821884155,0.6038978695869446,0.5804920196533203,0.14253458380699158,0.08564443141222
0.2517692744731903,0.4455597996711731,0.17548173666000366,0.73328697681427,0.2336449921131134,0.13976342976093292,0.31653571128845215,0.5191218852996826,0.4988342821598053,0.645938515663147,0.6522273421287537,0.8440024852752686,0.5752363204956055,0.03115207701921463,0.07765700668096542
0.9594264626502991,0.8673723340034485,0.001925994991324842,0.650726318359375,0.0028807693161070347,0.45933210849761963,0.44622835516929626,0.4130229353904724,0.5328689813613892,0.6360363960266113,0.30887213349342346,0.5958072543144226,0.16713419556617737,0.026558982208371162,0.03019615449011326
0.9835530519485474,0.6266307234764099,0.005993580911308527,0.1480739861726761,0.001951949205249548,0.514176607131958,0.0007531740702688694,0.13456761837005615,0.00010322612070012838,0.054411716759204865,0.03784516826272011,0.05198724940419197,0.019645148888230324,0.017425132915377617,0.07933730632066727
0.9048318862915039,0.38645070791244507,0.02635258063673973,0.7784222960472107,0.002746056532487273,0.3012479543685913,0.006463735830038786,0.09839611500501633,0.0010698996484279633,0.009065017104148865,0.029607638716697693,0.12683871388435364,0.03194534406065941,0.0030868647154420614,0.02675732970237732
0.9871038198471069,0.83265620470047,0.02718031033873558,0.18875913321971893,0.012353876605629921,0.2366430014371872,0.010626457631587982,0.2111101895570755,0.010115348733961582,0.454362154006958,0.026160869747400284,0.3093414902687073,0.06467810273170471,0.010763067752122879,0.08700807392597198
0.7824106216430664,0.8852328062057495,0.1413624882698059,0.29513585567474365,0.08015602827072144,0.2630101144313812,0.2281896471977234,0.4318060874938965,0.024628082290291786,0.3844335675239563,0.1782604306936264,0.23007120192050934,0.3199736475944519,0.0636073425412178,0.04627208411693573
0.40465259552001953,0.5730672478675842,0.006194202695041895,0.03855489194393158,0.002248301636427641,0.11551482230424881,0.0010294951498508453,0.0010671379277482629,0.0023056156933307648,0.0340534970164299,0.007735499646514654,0.04773518070578575,0.005285902880132198,0.0004462875076569617,0.02170988731086254
0.35103002190589905,0.11728771030902863,0.010586390271782875,0.14843565225601196,0.0016181159298866987,0.006896027363836765,0.004736683331429958,0.15141750872135162,0.014239254407584667,0.12105607241392136,0.009885323233902454,0.012519851326942444,0.0046822139993309975,0.001989921322092414,0.028246616944670677
0.7104247212409973,0.6343423128128052,0.029464703053236008,0.36452263593673706,0.0063715423457324505,0.0798988938331604,0.04995649307966232,0.04813765361905098,0.002709768945351243,0.3685552775859833,0.09315761923789978,0.2642132639884949,0.06772898137569427,0.006202715914696455,0.18536972999572754
0.3559555411338806,0.4862314462661743,0.05274970084428787,0.34366151690483093,0.20947915315628052,0.3625278174877167,0.053687818348407745,0.8238814473152161,0.02160225249826908,0.4627433121204376,0.10485951602458954,0.5739061832427979,0.946434497833252,0.004071494098752737,0.02541627362370491
0.8335053324699402,0.8457762002944946,0.02304951101541519,0.08199630677700043,0.03490815684199333,0.7108907699584961,0.01575484685599804,0.12320876866579056,0.0007350223022513092,0.2740406394004822,0.021454226225614548,0.1689891517162323,0.46484771370887756,0.05846995860338211,0.09855011105537415
0.6380732655525208,0.86250239610672,0.20264871418476105,0.4169006943702698,0.059981875121593475,0.35392025113105774,0.26859039068222046,0.6098880767822266,0.006372210569679737,0.432433158159256,0.2593957185745239,0.7445072531700134,0.8514040112495422,0.0484064482152462,0.10395728796720505
0.6266600489616394,0.7308389544487,0.017945807427167892,0.09305302798748016,0.004283476155251265,0.3306432366371155,0.002068039495497942,0.053423505276441574,0.0004972767783328891,0.11852029711008072,0.05157693102955818,0.23203794658184052,0.7660169005393982,0.010873083025217056,0.02971321903169155
0.9053266644477844,0.5805622935295105,0.5054122805595398,0.684739351272583,0.6368516683578491,0.6376924514770508,0.394042044878006,0.6937666535377502,0.5858222842216492,0.57281094789505,0.46083053946495056,0.8581372499465942,0.939801037311554,0.14673426747322083,0.13760311901569366
0.6738951802253723,0.3624589443206787,0.44646281003952026,0.13915269076824188,0.10606147348880768,0.16763603687286377,0.4306678771972656,0.5604900121688843,0.439916729927063,0.5577903985977173,0.5693852305412292,0.818657398223877,0.5535833239555359,0.034496158361434937,0.14017750322818756
0.19889912009239197,0.2658115327358246,0.021634051576256752,0.4160501956939697,0.1256842017173767,0.008139992132782936,0.024539591744542122,0.18751227855682373,0.10131780803203583,0.20802700519561768,0.04651592671871185,0.10598340630531311,0.8611657619476318,0.02260376326739788,0.053096458315849304
0.7950474619865417,0.7952786684036255,0.03728942200541496,0.34122925996780396,0.14406666159629822,0.5610990524291992,0.013054336421191692,0.5143339037895203,0.00364189175888896,0.425001859664917,0.06532684713602066,0.9882249236106873,0.9013829231262207,0.04309948906302452,0.15014095604419708
0.6189674735069275,0.6858118176460266,0.02417639084160328,0.22551999986171722,0.020442504435777664,0.10560686141252518,0.00794696994125843,0.13649515807628632,0.00068911217385903,0.17816407978534698,0.07979776710271835,0.6258485913276672,0.1465979963541031,0.004970181733369827,0.10529378056526184
0.46323490142822266,0.6197537183761597,0.37220314145088196,0.6573713421821594,0.26981890201568604,0.37527573108673096,0.35019129514694214,0.855737566947937,0.20854759216308594,0.4739212095737457,0.3275999128818512,0.8601996302604675,0.9736291170120239,0.01389677170664072,0.07952861487865448
0.5793607831001282,0.6815898418426514,0.20537227392196655,0.6418002843856812,0.3866433799266815,0.6184704899787903,0.5207986235618591,0.5254483819007874,0.39294740557670593,0.5393363237380981,0.407615602016449,0.5056546330451965,0.6125813722610474,0.0016605621203780174,0.10866967588663101
0.06403305381536484,0.5854165554046631,0.004933448042720556,0.058887265622615814,0.005537880584597588,0.3328474164009094,0.0031978534534573555,0.016703639179468155,0.00033342355163767934,0.26514753699302673,0.09632954746484756,0.4773387014865875,0.4964194595813751,0.008908106945455074,0.06743960082530975
0.5741291046142578,0.6136994361877441,0.3434585928916931,0.6695484519004822,0.3147205710411072,0.6926715970039368,0.4661541283130646,0.5289300680160522,0.5712663531303406,0.5329595804214478,0.3066386580467224,0.720382571220398,0.9572644829750061,0.07006684690713882,0.04901900514960289
0.3103165626525879,0.5818657279014587,0.06329327076673508,0.25477150082588196,0.1884896159172058,0.48170799016952515,0.4323089122772217,0.7483173608779907,0.2861909866333008,0.7043935060501099,0.3490157425403595,0.8274377584457397,0.4916321337223053,0.13567237555980682,0.08272460848093033
0.019637087360024452,0.23826460540294647,0.004080513026565313,0.05788259953260422,0.004329396411776543,0.025383688509464264,0.003644648939371109,0.013107867911458015,0.0002750821877270937,0.0156765878200531,0.05314185842871666,0.052502986043691635,0.5370663404464722,0.0009174221195280552,0.006902809254825115
0.4697321951389313,0.5645554065704346,0.20961827039718628,0.551967978477478,0.1072448268532753,0.19716867804527283,0.37692517042160034,0.6272363662719727,0.2852402329444885,0.5579136610031128,0.3886426091194153,0.7743852734565735,0.8713594675064087,0.1656217724084854,0.32221877574920654
0.8597233295440674,0.5708902478218079,0.24084608256816864,0.4380565881729126,0.3024349808692932,0.5921929478645325,0.22871756553649902,0.9591842889785767,0.2244875729084015,0.6275184154510498,0.24208322167396545,0.7678448557853699,0.6168286204338074,0.07620062679052353,0.10616853833198547
0.6427760124206543,0.4755735993385315,0.034036796540021896,0.05172372981905937,0.02730238251388073,0.05640228092670441,0.008688024245202541,0.07023181766271591,0.0007643955177627504,0.047420624643564224,0.045691363513469696,0.6293990612030029,0.9211914539337158,0.023113999515771866,0.05599155277013779
0.854059636592865,0.6302064657211304,0.30204811692237854,0.5976822972297668,0.22624002397060394,0.3163626492023468,0.29983949661254883,0.4399477243423462,0.3762097954750061,0.5040830969810486,0.5491230487823486,0.6341464519500732,0.8070042133331299,0.022408442571759224,0.16783367097377777
0.25616902112960815,0.6282254457473755,0.020978830754756927,0.31192195415496826,0.021789049729704857,0.2788678705692291,0.025162354111671448,0.7657890319824219,0.0010936601320281625,0.5162792801856995,0.21747246384620667,0.8567937612533569,0.4854365885257721,0.0030297532211989164,0.03728818520903587
0.8157002329826355,0.7461439967155457,0.27706658840179443,0.3999701738357544,0.4781133830547333,0.4391789734363556,0.36656880378723145,0.45246976613998413,0.3328198790550232,0.7056487202644348,0.24276401102542877,0.6575685739517212,0.6005175709724426,0.06617481261491776,0.7617772221565247
0.41385385394096375,0.5550412535667419,0.06346473097801208,0.5260913372039795,0.20638270676136017,0.7476364374160767,0.46576249599456787,0.6234222650527954,0.5941746234893799,0.5725584626197815,0.18915405869483948,0.45179006457328796,0.050809942185878754,0.05040346458554268,0.047431789338588715
0.32458052039146423,0.5095824599266052,0.00413654325529933,0.04461945593357086,0.0027130937669426203,0.39526960253715515,0.002603701548650861,0.021861335262656212,0.000195020591490902,0.02599559724330902,0.021977562457323074,0.11017665266990662,0.2650168538093567,0.02735336497426033,0.03574739396572113
0.9313940405845642,0.8959214687347412,0.12804758548736572,0.5069518089294434,0.13529838621616364,0.40639421343803406,0.3145751953125,0.5915446877479553,0.5125507712364197,0.5295860767364502,0.1712317317724228,0.5225991010665894,0.26578840613365173,0.05473645031452179,0.1714261919260025
0.14646565914154053,0.6999877691268921,0.003748359391465783,0.06697596609592438,0.0021100204903632402,0.17255458235740662,0.0005514477961696684,0.001649044337682426,0.00016553213936276734,0.05178064480423927,0.020554864779114723,0.05295390635728836,0.006777653470635414,0.0016982321394607425,0.018749775364995003
0.8601344227790833,0.7048243880271912,0.3190203607082367,0.6735167503356934,0.350117027759552,0.40836381912231445,0.4124835431575775,0.7455556988716125,0.6448751091957092,0.6553540825843811,0.5346803665161133,0.6886706352233887,0.5611540079116821,0.06135941296815872,0.17713943123817444
0.02621474117040634,0.31359413266181946,0.0032368809916079044,0.07521980255842209,0.024741411209106445,0.024642350152134895,0.005299690645188093,0.042770665138959885,0.001055711298249662,0.11358456313610077,0.03220995143055916,0.1759459525346756,0.06254234910011292,0.00378471240401268,0.01107637956738472
0.09147113561630249,0.6385191679000854,0.04474930092692375,0.2240489274263382,0.018791183829307556,0.08021754026412964,0.011860271915793419,0.07402075827121735,0.002335715340450406,0.2890107035636902,0.10908187925815582,0.15266449749469757,0.08567164093255997,0.02123880386352539,0.10497380793094635
0.6474882364273071,0.6218821406364441,0.040340062230825424,0.15309982001781464,0.008291809819638729,0.10221440345048904,0.0075575076043605804,0.08856730163097382,0.0008386846748180687,0.1265023648738861,0.03367385268211365,0.15990965068340302,0.06329043209552765,0.014971782453358173,0.04219071567058563
0.48182347416877747,0.6016974449157715,0.45738521218299866,0.7671219706535339,0.14714032411575317,0.29853367805480957,0.2686055302619934,0.5286491513252258,0.7038464546203613,0.682881772518158,0.5086376070976257,0.8108587861061096,0.6357889175415039,0.06687813252210617,0.07894273847341537
0.8555764555931091,0.7960999608039856,0.02929128147661686,0.24713315069675446,0.007825706154108047,0.33278265595436096,0.001560611417517066,0.01790543459355831,0.00024594037677161396,0.35170167684555054,0.06628129631280899,0.31462740898132324,0.05878986418247223,0.009042623452842236,0.15813161432743073
0.7289932370185852,0.5450185537338257,0.06496905535459518,0.1252671480178833,0.019409585744142532,0.7427953481674194,0.019855646416544914,0.1698310673236847,0.2026524394750595,0.4872910678386688,0.07697230577468872,0.3589976727962494,0.08820173144340515,0.021507177501916885,0.11668170988559723
0.9638962745666504,0.7858119010925293,0.009296766482293606,0.08521973341703415,0.011476187966763973,0.15876400470733643,0.0028529572300612926,0.03312616050243378,0.0005365968099795282,0.17176848649978638,0.01090854499489069,0.05118793621659279,0.02390804886817932,0.01803496479988098,0.09187553822994232
0.8179682493209839,0.7080976963043213,0.002105977386236191,0.1005021259188652,0.00443536601960659,0.1795966625213623,0.06572790443897247,0.21527422964572906,0.0015962313627824187,0.3808436393737793,0.016047244891524315,0.1164902001619339,0.15453337132930756,0.010321530513465405,0.017216000705957413
0.8699058294296265,0.8583053946495056,0.00785404909402132,0.12663303315639496,0.0017502144910395145,0.6078709363937378,0.0007477948674932122,0.12443069368600845,8.500774129061028e-05,0.15022140741348267,0.025120781734585762,0.02497556246817112,0.02696567215025425,0.004846604540944099,0.0973694920539856
0.6475266218185425,0.7515308856964111,0.27328431606292725,0.3555941879749298,0.2616751790046692,0.2819618880748749,0.5190628170967102,0.8675855398178101,0.7341601252555847,0.854659378528595,0.33698606491088867,0.550129234790802,0.45052507519721985,0.06889602541923523,0.062436070293188095
0.6492167115211487,0.4954128861427307,0.013136927969753742,0.07937081903219223,0.002946593565866351,0.18744023144245148,0.007434577215462923,0.13201013207435608,0.00018404940783511847,0.03569763898849487,0.0580422580242157,0.2890963852405548,0.14602021872997284,0.5999596118927002,0.06333409994840622
0.33663392066955566,0.4351711571216583,0.002223922172561288,0.03980540111660957,0.0011572682997211814,0.25069737434387207,0.0004793494299519807,0.020242774859070778,0.00011591102520469576,0.01172664761543274,0.02043704316020012,0.03163863345980644,0.01026386022567749,0.001226705266162753,0.12512946128845215
0.22691930830478668,0.5350927114486694,0.006137271877378225,0.016793323680758476,0.0011286119697615504,0.1017959788441658,0.0011094624642282724,0.011734710074961185,0.00013798791042063385,0.006763474550098181,0.025266477838158607,0.32612669467926025,0.0092761917039752,0.004018175415694714,0.06233051419258118
0.7720138430595398,0.6630465388298035,0.09197655320167542,0.28617894649505615,0.026933109387755394,0.37988805770874023,0.2172086238861084,0.6829602718353271,0.034921593964099884,0.5203657746315002,0.2891567051410675,0.36271679401397705,0.4423977732658386,0.3412798047065735,0.1696256846189499
0.6731398105621338,0.6607866883277893,0.12288779765367508,0.6367778778076172,0.16784699261188507,0.2771604657173157,0.3234519362449646,0.6695055961608887,0.5625790953636169,0.43959563970565796,0.14152854681015015,0.6304100751876831,0.3361275792121887,0.008180701173841953,0.06793457269668579
0.7991267442703247,0.6239468455314636,0.4751155972480774,0.754988431930542,0.4767565131187439,0.6802471876144409,0.6183560490608215,0.8517642021179199,0.497635155916214,0.7225835919380188,0.44001227617263794,0.7746478319168091,0.6143680810928345,0.174432635307312,0.09465579688549042
0.3885243833065033,0.46385496854782104,0.012746535241603851,0.054426174610853195,0.0014393154997378588,0.539745032787323,0.0066247982904314995,0.020164603367447853,0.171818345785141,0.0033377257641404867,0.03473246097564697,0.020344804972410202,0.041319042444229126,0.003723566420376301,0.05486563220620155
0.8181208968162537,0.6818059086799622,0.03134525939822197,0.49645760655403137,0.14575767517089844,0.7044655084609985,0.02374648116528988,0.20013427734375,0.02552613615989685,0.4720191955566406,0.14045387506484985,0.6873346567153931,0.18931178748607635,0.07046926021575928,0.2525933086872101
0.6383732557296753,0.8032242059707642,0.03445842117071152,0.072600357234478,0.013933575712144375,0.8444982171058655,0.06671207398176193,0.1155165508389473,0.0001346126082353294,0.10258905589580536,0.024748554453253746,0.425680935382843,0.29594501852989197,0.20490801334381104,0.06549621373414993
0.7689527869224548,0.6953644752502441,0.503707230091095,0.7940328121185303,0.47987234592437744,0.5796610116958618,0.739254355430603,0.8928329944610596,0.5332580208778381,0.7025299072265625,0.5497936606407166,0.7624223828315735,0.846371054649353,0.14175446331501007,0.29567840695381165
0.5189304947853088,0.10128644853830338,0.001058448338881135,0.002881105989217758,0.004077684599906206,0.437142938375473,0.06403148919343948,0.3734191656112671,0.0013955244794487953,0.7487056255340576,0.008932649157941341,0.050711337476968765,0.03165357559919357,0.006175559014081955,0.010464047081768513
0.615965723991394,0.4843699336051941,0.016785698011517525,0.06560348719358444,0.06373649835586548,0.9012887477874756,0.11823194473981857,0.6449545621871948,0.006124170497059822,0.17380701005458832,0.06321260333061218,0.1985272616147995,0.4429764449596405,0.02557789720594883,0.06465448439121246
0.9271436333656311,0.8961036801338196,0.6767595410346985,0.7988167405128479,0.6088482141494751,0.8567887544631958,0.7314335703849792,0.8178505897521973,0.7568390369415283,0.901886522769928,0.7418063879013062,0.8605420589447021,0.5842686891555786,0.00038374599535018206,0.10263019800186157
0.8520805835723877,0.4988625943660736,0.030543874949216843,0.07179819792509079,0.00876887608319521,0.6336381435394287,0.05475778132677078,0.623041033744812,0.0006970447138883173,0.3202713131904602,0.06932216882705688,0.2518925964832306,0.28825855255126953,0.026639427989721298,0.05501362308859825
0.05106474459171295,0.4118024706840515,0.0018003397854045033,0.08935447782278061,0.0024876713287085295,0.1924191415309906,0.0025631713215261698,0.029356783255934715,0.0006735730567015707,0.5853924751281738,0.010326623916625977,0.014746795408427715,0.005645432975143194,0.0006083457847125828,0.08045833557844162
0.9250999689102173,0.751659631729126,0.12149815261363983,0.07751491665840149,0.014738726429641247,0.7145602107048035,0.06264640390872955,0.7121737599372864,0.00014308650861494243,0.07338467240333557,0.08457396179437637,0.14060024917125702,0.20677481591701508,0.025515593588352203,0.11257123947143555
0.6256251931190491,0.40759313106536865,0.012101763859391212,0.19602970778942108,0.0010076571488752961,0.1791258603334427,0.0007341773016378284,0.004389387555420399,9.87285457085818e-05,0.010041008703410625,0.021413147449493408,0.04619087278842926,0.014737085439264774,0.0034470849204808474,0.05000977963209152
0.7916978001594543,0.8671905994415283,0.0975869745016098,0.215211883187294,0.008734885603189468,0.41791754961013794,0.006065022200345993,0.18338468670845032,0.0016908441903069615,0.5140070915222168,0.05540182441473007,0.2365393191576004,0.10107768326997757,0.009472116827964783,0.07710164040327072
0.9414510726928711,0.8971550464630127,0.24443794786930084,0.3658994138240814,0.05494390055537224,0.2156071960926056,0.006975371856242418,0.14918778836727142,0.0013526570983231068,0.6302260756492615,0.09120279550552368,0.17167533934116364,0.11231943219900131,0.011625348590314388,0.13137748837471008
0.7227594256401062,0.6714208722114563,0.009198338724672794,0.19058522582054138,0.002452197251841426,0.2765667140483856,0.001454026554711163,0.3109756112098694,0.0003228644491173327,0.1996649205684662,0.037007223814725876,0.042533326894044876,0.030642013996839523,0.006805904675275087,0.11209892481565475
0.10550949722528458,0.859180748462677,0.004200775641947985,0.10306789726018906,0.0035542009864002466,0.01732935756444931,0.004153868183493614,0.5243807435035706,0.5531415939331055,0.10279180854558945,0.009131129831075668,0.01595751941204071,0.006883886177092791,0.0027836549561470747,0.044713035225868225
0.6673246622085571,0.6398689150810242,0.0007436853484250605,0.030079815536737442,0.0004242786963004619,0.02087855525314808,0.0003617037436924875,0.19681695103645325,0.00037088707904331386,0.0757296234369278,0.0040626018308103085,0.0037117069587111473,0.006158092990517616,0.0005980640999041498,0.014384451322257519
0.5114427208900452,0.4464699625968933,0.004782756790518761,0.1985362023115158,0.004842541646212339,0.004909781273454428,0.0039019202813506126,0.006638452410697937,0.0006550600519403815,0.05169842764735222,0.016628533601760864,0.01836574450135231,0.007245413959026337,0.004884693771600723,0.036518197506666183
0.9883759617805481,0.6981852054595947,0.1094437912106514,0.20040889084339142,0.006064413581043482,0.4234544634819031,0.12728382647037506,0.2720772624015808,0.009596754796802998,0.3495301604270935,0.08444255590438843,0.07442593574523926,0.08744004368782043,0.021528853103518486,0.09693225473165512
0.7075568437576294,0.6621065735816956,0.0434008352458477,0.30947601795196533,0.03368254005908966,0.013887636363506317,0.01688024029135704,0.28820228576660156,0.00464238366112113,0.35886478424072266,0.06981988251209259,0.15043491125106812,0.07048320025205612,0.033319585025310516,0.1402657926082611
0.9121492505073547,0.5555081367492676,0.13394418358802795,0.5183578729629517,0.1924947202205658,0.17966778576374054,0.15100713074207306,0.6807519793510437,0.5867406129837036,0.48856106400489807,0.27045944333076477,0.6539910435676575,0.2681787610054016,0.018647965043783188,0.012487450614571571
0.8210062980651855,0.5323935151100159,0.29019418358802795,0.6741722226142883,0.2634676694869995,0.2426011711359024,0.29030856490135193,0.5208593606948853,0.1908765733242035,0.601510226726532,0.2799963653087616,0.6674292683601379,0.3893857002258301,0.09179355204105377,0.08297472447156906
0.4872991442680359,0.4982227683067322,0.03128708153963089,0.01804664358496666,0.007065138779580593,0.6168546080589294,0.002589023672044277,0.0751018226146698,0.0003516647848300636,0.09958628565073013,0.03208185359835625,0.2864454388618469,0.04232840985059738,0.009701156988739967,0.03750396892428398
0.5923595428466797,0.7390863299369812,0.025578349828720093,0.13827840983867645,0.09932722896337509,0.7612563967704773,0.03569609299302101,0.3064984083175659,0.002075781812891364,0.2790088355541229,0.05645039677619934,0.3723925054073334,0.5363436341285706,0.05336860567331314,0.10609232634305954
0.5504926443099976,0.47853419184684753,0.023457035422325134,0.07401568442583084,0.014594616368412971,0.625851571559906,0.041554924100637436,0.25100913643836975,0.00019235213403590024,0.054875221103429794,0.07238740473985672,0.5938695073127747,0.4638881981372833,0.9010698795318604,0.1076628565788269
0.701420783996582,0.7890599966049194,0.17656032741069794,0.7011200189590454,0.43426454067230225,0.6119565963745117,0.3148701786994934,0.7986711263656616,0.45011577010154724,0.6670169234275818,0.41210925579071045,0.7491787075996399,0.6442312598228455,0.05240108072757721,0.11482562869787216
0.7981290817260742,0.5955960154533386,0.07712972909212112,0.06322024017572403,0.006170984823256731,0.7692617774009705,0.02198706939816475,0.2686513066291809,0.0010781317250803113,0.15213482081890106,0.045610882341861725,0.036197543144226074,0.19239811599254608,0.03342997655272484,0.12592417001724243
0.7361191511154175,0.6730574369430542,0.5675321221351624,0.740485668182373,0.5755569934844971,0.5344168543815613,0.3954318165779114,0.6782511472702026,0.29326122999191284,0.630159854888916,0.447009414434433,0.9238761067390442,0.6722649335861206,0.07528641819953918,0.2614913880825043
0.9896811246871948,0.6302421689033508,0.012437145225703716,0.1369035840034485,0.02648269757628441,0.7911211848258972,0.008743640966713428,0.12156040221452713,0.0015285011613741517,0.31522896885871887,0.022964052855968475,0.282033234834671,0.17442217469215393,0.017340494319796562,0.08324360102415085
0.7619174718856812,0.646648108959198,0.16502851247787476,0.5385581254959106,0.4595538377761841,0.7200478911399841,0.6440780162811279,0.6635742783546448,0.3918590247631073,0.5308117270469666,0.34988728165626526,0.5618914365768433,0.4772317111492157,0.015909072011709213,0.05366109311580658
0.9358246326446533,0.7860592007637024,0.11894098669290543,0.5884751081466675,0.10342051088809967,0.7396517992019653,0.4735861122608185,0.5430474877357483,0.7128438949584961,0.6149206757545471,0.6696251630783081,0.445098340511322,0.2793117165565491,0.011210988275706768,0.08741889148950577
0.8459891676902771,0.8397286534309387,0.05659690871834755,0.37501657009124756,0.11924166232347488,0.5085648894309998,0.10299856215715408,0.3227052390575409,0.0022282092832028866,0.3968847393989563,0.07116935402154922,0.3265077471733093,0.2593114674091339,0.02688431739807129,0.08800946921110153
0.711063802242279,0.5413799285888672,0.39188361167907715,0.5530908107757568,0.42298606038093567,0.27718913555145264,0.5484955906867981,0.7882996201515198,0.25368353724479675,0.8363898396492004,0.4414442777633667,0.7643430829048157,0.6918580532073975,0.16996915638446808,0.10837376862764359
0.8930569887161255,0.8100018501281738,0.2717972695827484,0.6031442880630493,0.7247247099876404,0.7277347445487976,0.8001105785369873,0.8306669592857361,0.2673165500164032,0.714119017124176,0.5823147892951965,0.7838775515556335,0.8170948624610901,0.10829291492700577,0.24115261435508728
0.0030613751150667667,0.4640354514122009,0.0035780996549874544,0.15760931372642517,0.1119220033288002,0.06821823120117188,0.1620689332485199,0.31826698780059814,0.001762419124133885,0.4809531569480896,0.1078585833311081,0.6294904947280884,0.933352530002594,0.05723946914076805,0.0924888625741005
0.9709361791610718,0.8166572451591492,0.06099638342857361,0.19016267359256744,0.07289650291204453,0.8574994206428528,0.05069822445511818,0.10133802890777588,0.0012447964400053024,0.3578116297721863,0.07537077367305756,0.9292168617248535,0.5866831541061401,0.08994124829769135,0.08662854880094528
0.9215086698532104,0.7794145345687866,0.03801197186112404,0.13321499526500702,0.060003381222486496,0.6394897699356079,0.004289664793759584,0.1699533760547638,0.0023160360287874937,0.6436024308204651,0.15164227783679962,0.7390060424804688,0.47658970952033997,0.027346955612301826,0.42586809396743774
0.5800926089286804,0.4017329216003418,0.016409816220402718,0.023117491975426674,0.022416742518544197,0.46080997586250305,0.00530929584056139,0.018600549548864365,0.0002320780768059194,0.21939128637313843,0.02301057241857052,0.07908935099840164,0.24895890057086945,0.036507703363895416,0.006568300072103739
0.8250706195831299,0.4861084520816803,0.653288722038269,0.5267726182937622,0.3350985646247864,0.23147301375865936,0.3762010633945465,0.6250296235084534,0.24783381819725037,0.5852416753768921,0.25095653533935547,0.6393823623657227,0.6564923524856567,0.12641575932502747,0.07380561530590057
0.6427835822105408,0.5121362209320068,0.0017940239049494267,0.003777122823521495,0.000591884134337306,0.13979172706604004,0.0005667313816957176,0.009277716279029846,7.271517824847251e-05,0.01592509262263775,0.004440556280314922,0.030097277835011482,0.010882874950766563,0.0011003240942955017,0.0080685680732131
0.9442115426063538,0.6740407943725586,0.01356365717947483,0.08443424105644226,0.008631931617856026,0.8336036205291748,0.2715207040309906,0.36058011651039124,0.00022673305647913367,0.20817279815673828,0.036486972123384476,0.09743690490722656,0.18137209117412567,0.05159974470734596,0.12325155735015869
0.5229295492172241,0.8587626814842224,0.0024515711702406406,0.16516371071338654,0.0023319250904023647,0.7863017320632935,0.002020668936893344,0.028395473957061768,0.00013821628817822784,0.27676987648010254,0.02708921767771244,0.07039207220077515,0.02163841761648655,0.011093496344983578,0.09850399941205978
0.954015851020813,0.6324917674064636,0.09162077307701111,0.2683742344379425,0.0852239727973938,0.8844987750053406,0.09838733077049255,0.4080692529678345,0.02928495779633522,0.4155326783657074,0.1380302757024765,0.18922556936740875,0.43481123447418213,0.03808211535215378,0.0972699373960495
0.006657541263848543,0.005757434759289026,4.543163231573999e-05,0.0003781272389460355,4.646462184609845e-05,0.0010224473662674427,4.303903551772237e-05,0.00032171723432838917,2.3774560759193264e-05,0.00025858471053652465,0.0003816024400293827,0.000135564521769993,0.0003552408015821129,4.927392001263797e-05,0.004828067496418953
0.9618157744407654,0.8728240728378296,0.021032797172665596,0.12977290153503418,0.006040631327778101,0.6410470008850098,0.02771911397576332,0.3113459348678589,0.0002724687219597399,0.3101225793361664,0.06801987439393997,0.19121798872947693,0.08001230657100677,0.27279770374298096,0.09111709147691727
0.24874435365200043,0.4625422954559326,0.002808135002851486,0.05573161691427231,0.004396646749228239,0.3047977685928345,0.003206489374861121,0.005673951003700495,0.0002100971614709124,0.05540221557021141,0.015325265005230904,0.05832945182919502,0.04888029396533966,0.00567227229475975,0.01534278690814972
0.37765634059906006,0.39124923944473267,0.026125364005565643,0.011072886176407337,0.0010610342724248767,0.13048093020915985,0.0028362993616610765,0.028934961184859276,0.00015046058979351074,0.014749075286090374,0.07132594287395477,0.08305231481790543,0.05368761345744133,0.0025792939122766256,0.09220670908689499
0.7485795021057129,0.7643858194351196,0.06617981940507889,0.1338956505060196,0.009269259870052338,0.16714699566364288,0.006870254874229431,0.05636917054653168,0.5521610379219055,0.6088712811470032,0.2593365013599396,0.6100960373878479,0.034485675394535065,0.0025812569074332714,0.0786520391702652
0.8470637798309326,0.8241316080093384,0.3103781044483185,0.8263132572174072,0.3650323152542114,0.5400468707084656,0.49529600143432617,0.7129430770874023,0.6283761858940125,0.8060393333435059,0.43208348751068115,0.7061144709587097,0.4397921860218048,0.005166119895875454,0.11114174127578735
0.5134434103965759,0.5949888825416565,0.06571254134178162,0.07458781450986862,0.023091556504368782,0.3193775415420532,0.023110520094633102,0.22339379787445068,0.0004938499769195914,0.1640678197145462,0.29965996742248535,0.3285234272480011,0.37943822145462036,0.10156673938035965,0.1644369214773178
0.6655457019805908,0.6950418949127197,0.09061212837696075,0.15530450642108917,0.017054611817002296,0.6618478894233704,0.03531160205602646,0.3299943506717682,0.00199808063916862,0.34770822525024414,0.11776382476091385,0.3189557194709778,0.28807535767555237,0.010644834488630295,0.1642116755247116
0.9523817896842957,0.7485582828521729,0.029090527445077896,0.07757548242807388,0.01547675859183073,0.600723147392273,0.008222326636314392,0.15107616782188416,0.0013645644066855311,0.13638964295387268,0.06184116378426552,0.09500913321971893,0.1757761836051941,0.01527928002178669,0.07749191671609879
0.9895579218864441,0.8321279287338257,0.022226236760616302,0.07030443102121353,0.04427499696612358,0.6975957751274109,0.017789673060178757,0.1600499451160431,0.029836904257535934,0.3403095304965973,0.07881289720535278,0.13381600379943848,0.2869807481765747,0.013061181642115116,0.09714482724666595
0.8786820769309998,0.6376838088035583,0.011463879607617855,0.05280138924717903,0.012225109152495861,0.35525253415107727,0.002573940670117736,0.09981171041727066,0.00041027716360986233,0.16748037934303284,0.02692408114671707,0.07966329902410507,0.044506244361400604,0.0062291608192026615,0.046520791947841644
0.7703547477722168,0.6408745050430298,0.006946743931621313,0.06361313164234161,0.004459974355995655,0.2516630291938782,0.002612968208268285,0.03790053352713585,0.0004682116850744933,0.04023668169975281,0.0691237673163414,0.04101381450891495,0.017207499593496323,0.0010228046448901296,0.0505727082490921
0.04930666834115982,0.17215879261493683,0.07473810017108917,0.4189203083515167,0.20799259841442108,0.03127089515328407,0.41398757696151733,0.44544053077697754,0.08795921504497528,0.5381854176521301,0.04602336138486862,0.07279807329177856,0.03642663732171059,0.0005412118043750525,0.07317312806844711
0.380953311920166,0.8185862898826599,0.007238703779876232,0.14183540642261505,0.02545800805091858,0.14406421780586243,0.4854186177253723,0.32066577672958374,0.0009705000557005405,0.10655734688043594,0.01124226301908493,0.05468282848596573,0.05686289444565773,0.00738179124891758,0.03334296867251396
0.9505085945129395,0.81434565782547,0.05879148840904236,0.11171524971723557,0.006844318937510252,0.8477733731269836,0.0062820399180054665,0.07829958945512772,0.0001442698121536523,0.4489906132221222,0.10075493901968002,0.0692443773150444,0.04959049075841904,0.020500563085079193,0.08428151905536652
0.6764341592788696,0.8533045053482056,0.20853589475154877,0.5646332502365112,0.4331929683685303,0.3913864493370056,0.4443894922733307,0.40653228759765625,0.6528840065002441,0.6243098378181458,0.4160434305667877,0.677268922328949,0.557081401348114,0.1579555869102478,0.04435393586754799
0.9144128561019897,0.5567701458930969,0.09178332984447479,0.5340692400932312,0.10970228910446167,0.2134314775466919,0.23767787218093872,0.30550867319107056,0.3596239387989044,0.49304306507110596,0.3962664008140564,0.3773389160633087,0.057052578777074814,0.0045788949355483055,0.06579572707414627
0.23267623782157898,0.07785335183143616,0.0005196318961679935,0.0014053492341190577,0.001024913159199059,0.11550270020961761,0.0002878942177630961,0.0008760059135966003,0.00018377731612417847,0.003561752149835229,0.0013883302453905344,0.0010750752408057451,0.0009368506143800914,0.0010698719415813684,0.0078901881352067
0.7534172534942627,0.6973974704742432,0.20999625325202942,0.49085110425949097,0.25550392270088196,0.30903947353363037,0.32665130496025085,0.6516423225402832,0.2605227530002594,0.40221157670021057,0.3051692247390747,0.7015501856803894,0.3631318211555481,0.04132729023694992,0.08546128869056702
0.9499261379241943,0.522985577583313,0.002113716211169958,0.0047178869135677814,0.0009623296791687608,0.6306502223014832,0.00025305894087068737,0.0020234144758433104,7.691868086112663e-05,0.03250053524971008,0.004067085683345795,0.0009927923092618585,0.0017234876286238432,0.0007044858648441732,0.0086759552359581
0.3268950879573822,0.1922343224287033,0.001001407508738339,0.006038465537130833,0.000838887004647404,0.32414892315864563,0.0001444229856133461,0.0009080619784072042,0.00015728207654319704,0.009096644818782806,0.004326098598539829,0.0007960492512211204,0.0009378390968777239,0.0007478735060431063,0.006853989791125059
0.6605772376060486,0.3122352361679077,0.07235146313905716,0.041739996522665024,0.0036218801978975534,0.21458400785923004,0.00963599979877472,0.19398963451385498,0.00038385402876883745,0.1173926368355751,0.03315640240907669,0.05621645599603653,0.0390998050570488,0.005247204564511776,0.07041649520397186
0.9328205585479736,0.8535117506980896,0.050043657422065735,0.3210725784301758,0.004582512192428112,0.5796794891357422,0.010158795863389969,0.33261892199516296,0.000101787198218517,0.1183229610323906,0.05044489726424217,0.057635653764009476,0.06399031728506088,0.011400358751416206,0.13400329649448395
0.8532256484031677,0.7491708993911743,0.219489187002182,0.3270024061203003,0.021439844742417336,0.5630249381065369,0.014290440827608109,0.6897979378700256,0.0002403001271886751,0.28492432832717896,0.4253791272640228,0.076771579682827,0.10594168305397034,0.0065026236698031425,0.1514686644077301
0.7354828715324402,0.7971585988998413,0.07645420730113983,0.1258423775434494,0.008223522454500198,0.6961623430252075,0.009060805663466454,0.4001063406467438,5.9036559832748026e-05,0.3267970383167267,0.10459865629673004,0.33919841051101685,0.15135890245437622,0.03171461820602417,0.08968234062194824
0.7065228819847107,0.5799396634101868,0.08655798435211182,0.05268167331814766,0.01362188532948494,0.09565718472003937,0.022730564698576927,0.157256081700325,0.0009615361923351884,0.17907710373401642,0.028642671182751656,0.17272032797336578,0.1531447172164917,0.003819961566478014,0.10024143755435944
0.926838219165802,0.7737147808074951,0.1974063515663147,0.7313634753227234,0.37059536576271057,0.8345062732696533,0.5266938805580139,0.8395555019378662,0.6928487420082092,0.7753329873085022,0.49664604663848877,0.8330298662185669,0.6976550221443176,0.8033326268196106,0.15785953402519226
0.769042432308197,0.3845456838607788,0.20450690388679504,0.07568992674350739,0.005324169527739286,0.4843326508998871,0.019424498081207275,0.15615350008010864,0.000431481224950403,0.281266987323761,0.05479033291339874,0.35912731289863586,0.07102911919355392,0.005584058351814747,0.07039374858140945
0.9430161118507385,0.6969425678253174,0.030056700110435486,0.10335908085107803,0.0033641306217759848,0.795964777469635,0.01535011176019907,0.17825450003147125,0.0012123299529775977,0.1628493368625641,0.024334700778126717,0.01998351514339447,0.038033876568078995,0.018200894817709923,0.07528862357139587
0.28683727979660034,0.24889077246189117,0.0029240301810204983,0.001477019744925201,0.0022224714048206806,0.7247671484947205,0.003302074735984206,0.43613937497138977,0.0006951004615984857,0.024828851222991943,0.00626523420214653,0.011560075916349888,0.041868023574352264,0.011257701553404331,0.03958478942513466
0.41596463322639465,0.1375942826271057,0.0021323596592992544,0.0017430554144084454,0.0013852479169145226,0.04954066127538681,0.0057294643484056,0.16620735824108124,0.0003038964350707829,0.5659835338592529,0.0026424473617225885,0.010966155678033829,0.007928673177957535,0.0012100328458473086,0.03251045197248459
0.7964151501655579,0.7398322224617004,0.6187263131141663,0.8020659685134888,0.652163565158844,0.4185573160648346,0.5349875092506409,0.6922237873077393,0.744147539138794,0.6621807813644409,0.5296499729156494,0.8768924474716187,0.7039180994033813,0.20606839656829834,0.14679254591464996
0.6332486867904663,0.6408725380897522,0.061845943331718445,0.5928471088409424,0.6298940777778625,0.873973548412323,0.763332724571228,0.6401833295822144,0.38875821232795715,0.6036786437034607,0.8504989147186279,0.796728253364563,0.32787349820137024,0.008157406002283096,0.05805736780166626
0.4448024332523346,0.25883105397224426,0.0025453052949160337,0.13668884336948395,0.021585790440440178,0.6334758996963501,0.060567449778318405,0.10595850646495819,0.0013443392235785723,0.2872154712677002,0.01459246315062046,0.016809208318591118,0.0365879088640213,0.014885272830724716,0.20265348255634308
0.5737019777297974,0.6522893905639648,0.05277673527598381,0.05626043304800987,0.01132463850080967,0.3139786124229431,0.020048512145876884,0.07234644144773483,0.0051996540278196335,0.12511803209781647,0.057783618569374084,0.36629024147987366,0.22345110774040222,0.01668337918817997,0.05654584988951683
0.8400186896324158,0.6017075777053833,0.5062962174415588,0.7697718143463135,0.4806665778160095,0.3103395402431488,0.592768132686615,0.8394485712051392,0.685061514377594,0.6159029006958008,0.4442499279975891,0.7277312278747559,0.6184759140014648,0.03608129546046257,0.08214682340621948
0.08716518431901932,0.10414110869169235,0.0006245930562727153,0.004721182864159346,0.0030676471069455147,0.09764309227466583,0.0009711630409583449,0.13613365590572357,0.00013079412747174501,0.004377232864499092,0.0018842390272766352,0.06643476337194443,0.09592176973819733,0.00391025934368372,0.11135956645011902
0.6886944770812988,0.7139700651168823,0.05681228265166283,0.051565442234277725,0.10001914203166962,0.8510386347770691,0.4036468267440796,0.5481386780738831,0.006643305998295546,0.501251220703125,0.02525945007801056,0.16759411990642548,0.34822508692741394,0.06583860516548157,0.07083044946193695
0.8759778141975403,0.7176612615585327,0.0763842761516571,0.5222957134246826,0.24767161905765533,0.5806008577346802,0.3003567159175873,0.11307700723409653,0.09822143614292145,0.3744792640209198,0.3394393026828766,0.6994248628616333,0.4125976860523224,0.04064429923892021,0.12088225036859512
0.2304905205965042,0.4784674048423767,0.008488544262945652,0.04314832389354706,0.0054894923232495785,0.008136950433254242,0.0059604463167488575,0.40867698192596436,0.022816045209765434,0.15201520919799805,0.011568021960556507,0.024907004088163376,0.008690324611961842,0.002899488201364875,0.08276646584272385
0.9414002895355225,0.23361247777938843,0.01788649894297123,0.10194500535726547,0.0040777199901640415,0.02595367841422558,0.0012761784018948674,0.040168892592191696,0.0005751137505285442,0.06679095327854156,0.0310239028185606,0.004446987994015217,0.04029082506895065,0.00866776891052723,0.11244004964828491
0.048940692096948624,0.08671940863132477,0.0026175612583756447,0.011680682189762592,0.0025789395440369844,0.024200977757573128,0.0008031334145925939,0.05689799413084984,0.0007255622767843306,0.028975356370210648,0.006792842410504818,0.00390321621671319,0.014872021041810513,0.005278029944747686,0.07800298929214478
0.6890830993652344,0.6572203636169434,0.04826746881008148,0.623035728931427,0.22121073305606842,0.600507915019989,0.33754584193229675,0.4076884388923645,0.2303496152162552,0.42596539855003357,0.25005534291267395,0.6353203654289246,0.3674760162830353,0.013034677132964134,0.14414024353027344
0.8236995339393616,0.6186049580574036,0.053329069167375565,0.028250733390450478,0.0021691026631742716,0.6601559519767761,0.005188826471567154,0.04787120968103409,0.00045162171591073275,0.03095065802335739,0.02482394315302372,0.054167523980140686,0.03753691166639328,0.012660364620387554,0.055987630039453506
0.47868943214416504,0.6298723816871643,0.044174935668706894,0.08467509597539902,0.015109830535948277,0.07555997371673584,0.03383006155490875,0.7117889523506165,0.10996841639280319,0.3306737542152405,0.025757132098078728,0.07475393265485764,0.06563592702150345,0.008465343154966831,0.07560546696186066
0.07443486899137497,0.13937129080295563,0.00268529262393713,0.03842708468437195,0.0005595951806753874,0.0029046384152024984,0.0009714843472465873,0.009042703546583652,0.0008246710640378296,0.052243009209632874,0.007306911516934633,0.006247410550713539,0.004464934580028057,0.0021812468767166138,0.05715402215719223
0.021349789574742317,0.5866468548774719,0.0009179221815429628,0.14529286324977875,0.01459499355405569,0.15293945372104645,0.08951824903488159,0.050592102110385895,0.0049665821716189384,0.18514834344387054,0.02965981885790825,0.444386750459671,0.0018270392902195454,0.013181000016629696,0.10203763097524643
0.8778523802757263,0.5100281834602356,0.022339042276144028,0.16057907044887543,0.01862003095448017,0.07084882259368896,0.005361807532608509,0.4725881516933441,0.0016681066481396556,0.10775820165872574,0.020866109058260918,0.13773290812969208,0.06681946665048599,0.024239128455519676,0.13336113095283508
0.15026377141475677,0.5520919561386108,0.006384562235325575,0.2379045933485031,0.011806604452431202,0.006970528978854418,0.11257561296224594,0.08010949939489365,0.04191107302904129,0.4666077494621277,0.08265171200037003,0.7392780184745789,0.0722559466958046,0.004875491838902235,0.15820488333702087
0.4131720960140228,0.49872058629989624,0.3824063539505005,0.5061439871788025,0.32896265387535095,0.14104413986206055,0.5335635542869568,0.5553498268127441,0.4700157344341278,0.4744459390640259,0.3038395941257477,0.8023990988731384,0.4499245882034302,0.0325111523270607,0.0516318678855896
0.31468838453292847,0.4231630563735962,0.010858967900276184,0.16374759376049042,0.07432269304990768,0.29161202907562256,0.010296078398823738,0.035662442445755005,0.0016938329208642244,0.13972978293895721,0.015995508059859276,0.1773567795753479,0.040340740233659744,0.021616296842694283,0.05010054633021355
0.03813714534044266,0.1586250364780426,0.000548395502846688,0.05297108367085457,0.0004741353332065046,0.18569554388523102,0.002141739008948207,0.012866811826825142,0.07014792412519455,0.036730773746967316,0.003408892545849085,0.14100833237171173,0.016270548105239868,0.000854161218740046,0.033707499504089355
0.6628142595291138,0.7791866660118103,0.21731732785701752,0.6471171379089355,0.4973864257335663,0.3150999844074249,0.5364035964012146,0.6547448635101318,0.36702921986579895,0.5929796695709229,0.2542150616645813,0.7237429618835449,0.3268622159957886,0.13359801471233368,0.04153402894735336
0.7314468026161194,0.7240291237831116,0.01402177382260561,0.48340603709220886,0.04422221705317497,0.35299497842788696,0.02247023768723011,0.12014786899089813,0.001816075760871172,0.4118548631668091,0.08941033482551575,0.5668978095054626,0.06113773211836815,0.031097887083888054,0.0819469764828682
0.20990943908691406,0.3550651967525482,0.006263944786041975,0.41702595353126526,0.0534961074590683,0.4630739688873291,0.5863038301467896,0.10707145929336548,0.2760745584964752,0.05038751661777496,0.018588325008749962,0.4723491668701172,0.07062023878097534,0.010910045355558395,0.006196587346494198
0.0005116377142257988,0.41275349259376526,0.003373418003320694,0.060214459896087646,0.020383523777127266,0.46581387519836426,0.0017247074283659458,0.03371019288897514,0.6820384860038757,0.9369039535522461,0.028628170490264893,0.2967204451560974,0.003411653684452176,0.006408894434571266,0.039060696959495544
0.05827009305357933,0.6005147695541382,0.007523015141487122,0.027480337768793106,0.003363243071362376,0.05315139889717102,0.002655071672052145,0.022471342235803604,0.5822567343711853,0.5064237117767334,0.0517207570374012,0.05823991075158119,0.011263037100434303,0.004129348788410425,0.12317299097776413
0.02181563340127468,0.16881509125232697,0.022348754107952118,0.001165625173598528,0.0012210095301270485,0.02388928271830082,0.0030198683962225914,0.011855565942823887,0.010520650073885918,0.284988135099411,0.014870274811983109,0.3135165274143219,0.04139333590865135,0.0005135649116709828,0.020436575636267662
0.22348929941654205,0.7646721005439758,0.02897435985505581,0.011270567774772644,0.0008929707109928131,0.03772757202386856,0.02661091834306717,0.49628275632858276,0.011349891312420368,0.7296223044395447,0.04139440134167671,0.022202426567673683,0.04419306293129921,0.006383825559169054,0.06304331868886948
0.7381356358528137,0.6642245650291443,0.07755032181739807,0.23772510886192322,0.008826307021081448,0.4041825830936432,0.0021506038028746843,0.03907853364944458,0.592028021812439,0.5157008767127991,0.12572143971920013,0.22572676837444305,0.02119581401348114,0.002807480515912175,0.026149841025471687
0.7757373452186584,0.5148472189903259,0.5781075954437256,0.8541892766952515,0.5523584485054016,0.6084023118019104,0.5089141130447388,0.725619375705719,0.6568506360054016,0.7634687423706055,0.4890274405479431,0.8334184288978577,0.643146812915802,0.23537027835845947,0.14450190961360931
0.1709979772567749,0.6472533941268921,0.011353167705237865,0.8498435020446777,0.43881094455718994,0.3064518868923187,0.635129451751709,0.5393087267875671,0.48493823409080505,0.535991907119751,0.1846296787261963,0.43598297238349915,0.9015158414840698,0.029937537387013435,0.4320931136608124
0.6512453556060791,0.813443124294281,0.02989094890654087,0.42541375756263733,0.035621944814920425,0.9013140201568604,0.07681740820407867,0.6281718015670776,0.35197147727012634,0.5158219337463379,0.06811992079019547,0.48131588101387024,0.5130776166915894,0.2468026727437973,0.07734749466180801
0.8178213834762573,0.5954911112785339,0.2077242136001587,0.628362774848938,0.5799009203910828,0.6926117539405823,0.4998588263988495,0.7599443793296814,0.24063849449157715,0.49403440952301025,0.3044278919696808,0.4849490821361542,0.8071219325065613,0.08959192782640457,0.08915244787931442
0.010830998420715332,0.014945087023079395,0.009687095880508423,0.000825188122689724,0.0003278719959780574,0.01696956902742386,0.006014531012624502,0.019698720425367355,0.021231193095445633,0.4867200255393982,0.003676473395898938,0.006527722347527742,0.00856482982635498,0.0008645323105156422,0.029342899098992348
0.483769029378891,0.6739059090614319,0.2236567735671997,0.40362998843193054,0.030312294140458107,0.03257119655609131,0.08222447335720062,0.2787890136241913,0.1268325001001358,0.43736550211906433,0.1982448548078537,0.054217468947172165,0.1653061807155609,0.0033143265172839165,0.017014671117067337
0.42945951223373413,0.2521447539329529,0.008296433836221695,0.07361555099487305,0.000810550875030458,0.07866517454385757,0.0011822667438536882,0.0063378154300153255,0.20014283061027527,0.03615233674645424,0.035033218562603,0.018757499754428864,0.005880570504814386,0.0007237037061713636,0.031978409737348557
0.09565646946430206,0.7172114253044128,0.004794764798134565,0.027394702658057213,0.0034047465305775404,0.2888498306274414,0.0005730391712859273,0.33430638909339905,0.4166729748249054,0.04099157825112343,0.01579778641462326,0.23506402969360352,0.06874360144138336,0.0003770400653593242,0.04041679948568344
0.827414333820343,0.7363876104354858,0.10440826416015625,0.2679615616798401,0.0659627765417099,0.8851384520530701,0.24768809974193573,0.7236175537109375,0.3542448878288269,0.4301234185695648,0.06155599653720856,0.3017262816429138,0.37588298320770264,0.03930802643299103,0.08777250349521637
0.6269527673721313,0.5664260983467102,0.020485755056142807,0.030848991125822067,0.656474769115448,0.6218835115432739,0.610926628112793,0.9322864413261414,0.16600553691387177,0.6465930938720703,0.06223604828119278,0.06037554144859314,0.40875017642974854,0.05908576026558876,0.060467999428510666
0.8386496305465698,0.6003926992416382,0.025483261793851852,0.2440834939479828,0.031858041882514954,0.3622738718986511,0.0100972605869174,0.5755666494369507,0.02595999278128147,0.6385712027549744,0.07008740305900574,0.4883377254009247,0.6076793074607849,0.03390354663133621,0.09712923318147659
0.44930726289749146,0.09039343893527985,0.005155086517333984,0.03092369996011257,0.0009476625127717853,0.2059575617313385,0.0003212960727978498,0.05886327102780342,0.023045457899570465,0.013180273585021496,0.007382006850093603,0.005269939079880714,0.005396212451159954,0.00102276261895895,0.04485961049795151
0.6754945516586304,0.5401490330696106,0.04622315242886543,0.11101701110601425,0.013862339779734612,0.7760235667228699,0.04340400919318199,0.24628858268260956,0.1923433393239975,0.40327438712120056,0.034097108989953995,0.049081262201070786,0.0928124412894249,0.02330433391034603,0.06587192416191101
0.9235401749610901,0.7580509185791016,0.6602644920349121,0.8582582473754883,0.6727690696716309,0.6904736161231995,0.5156189203262329,0.7913729548454285,0.414002925157547,0.7751465439796448,0.5960045456886292,0.8593013286590576,0.7279447913169861,0.11731167137622833,0.20561033487319946
0.8470470309257507,0.7730379700660706,0.4098668694496155,0.5815557241439819,0.2512744665145874,0.35824328660964966,0.3059694766998291,0.4685256779193878,0.1947675496339798,0.6134275794029236,0.45056602358818054,0.6703986525535583,0.46675705909729004,0.06728940457105637,0.18925398588180542
0.003670330625027418,0.011632773093879223,0.005370554514229298,0.00747146038338542,0.00031604550895281136,0.003655269742012024,0.00020862702513113618,0.008908789604902267,0.03004232607781887,0.09485266357660294,0.0015044624451547861,0.0071963663212955,0.004435459617525339,0.0004310407384764403,0.03333088755607605
0.9143015742301941,0.6926034092903137,0.7106824517250061,0.2898922860622406,0.2577259838581085,0.3197892904281616,0.5487372875213623,0.7027053236961365,0.23183868825435638,0.7863562703132629,0.352833092212677,0.750063955783844,0.7330857515335083,0.10788757354021072,0.5224484801292419
0.15196453034877777,0.29539772868156433,0.005284047685563564,0.09893394261598587,0.003916158806532621,0.03805239498615265,0.04847174137830734,0.48900240659713745,0.1987592875957489,0.5574193596839905,0.020217524841427803,0.05545841157436371,0.02464844100177288,0.014086324721574783,0.0626639574766159
0.6674702167510986,0.6842527389526367,0.4668391942977905,0.5771205425262451,0.30123648047447205,0.1486952006816864,0.629172146320343,0.6543936133384705,0.4017452299594879,0.6409115791320801,0.5156645774841309,0.8395806550979614,0.6479219198226929,0.07563114166259766,0.24662137031555176
0.11256183683872223,0.18423528969287872,0.002296087332069874,0.00023822793446015567,0.00032901373924687505,0.008700890466570854,0.0010266866302117705,0.16808177530765533,0.00029955102945677936,0.4313039779663086,0.004057824611663818,0.0240083746612072,0.012390484102070332,0.000953298935201019,0.04216882213950157
0.588948130607605,0.35773926973342896,0.009366465732455254,0.01635342463850975,0.003965384792536497,0.07026530057191849,0.08162304013967514,0.6820493340492249,0.002238378394395113,0.40907350182533264,0.01867062784731388,0.3812280595302582,0.1831677407026291,0.0107365557923913,0.019189676269888878
0.37381747364997864,0.23926371335983276,0.058653995394706726,0.021669955924153328,0.0010166539577767253,0.033199310302734375,0.11200565844774246,0.36981260776519775,0.02841961570084095,0.29633480310440063,0.02663620188832283,0.03673909232020378,0.17422303557395935,0.0056113433092832565,0.06276791542768478
0.1001322790980339,0.1438407450914383,0.0427698977291584,0.13106922805309296,0.025829123333096504,0.0033438655082136393,0.07909347116947174,0.30686965584754944,0.06750144064426422,0.27053555846214294,0.06461013108491898,0.0858253613114357,0.27060049772262573,0.009212663397192955,0.23189100623130798
0.5021716952323914,0.6298487186431885,0.06344839930534363,0.1478102207183838,0.04438710957765579,0.4788934588432312,0.0593687929213047,0.3579082787036896,0.018867649137973785,0.40151888132095337,0.07568158954381943,0.4963931143283844,0.62403804063797,0.05557867884635925,0.07201047986745834
0.7614737749099731,0.7081547975540161,0.017747623845934868,0.1321280598640442,0.10459000617265701,0.4688941240310669,0.3681115508079529,0.7898295521736145,0.03364190831780434,0.4461945593357086,0.042326293885707855,0.6833979487419128,0.719539225101471,0.14961324632167816,0.11543075740337372
0.03775817155838013,0.5719906091690063,0.006710242945700884,0.018937760964035988,0.006405817810446024,0.09949924051761627,0.2680172622203827,0.0534985288977623,0.013138447888195515,0.13317695260047913,0.02728791907429695,0.08987024426460266,0.10310900211334229,0.012429453432559967,0.04706572741270065
0.2952890396118164,0.5038129091262817,0.03965218737721443,0.1912364512681961,0.02795528620481491,0.14360636472702026,0.15243294835090637,0.35756799578666687,0.06593815982341766,0.16033582389354706,0.0351555310189724,0.03979555889964104,0.07280521839857101,0.015107547864317894,0.0975089967250824
0.8678408265113831,0.6760907769203186,0.5452513098716736,0.7919020652770996,0.6409026384353638,0.5930029153823853,0.45112088322639465,0.6863370537757874,0.6174088716506958,0.7649010419845581,0.4108923375606537,0.8024758696556091,0.6878315806388855,0.04981488361954689,0.1854766607284546
0.005022432655096054,0.08584513515233994,0.000610051560215652,0.002296167192980647,0.0007912952569313347,0.002077403012663126,0.001053479383699596,0.02139531634747982,0.004142078571021557,0.04094677045941353,0.007898093201220036,0.12883873283863068,0.020760556682944298,0.0016938449116423726,0.05769689753651619
0.6955762505531311,0.6672296524047852,0.05627809837460518,0.35607093572616577,0.48134663701057434,0.6762877702713013,0.6404879093170166,0.46677032113075256,0.43182405829429626,0.46391576528549194,0.2171614170074463,0.8131365180015564,0.6924577355384827,0.029991164803504944,0.13199172914028168
0.6916665434837341,0.6796722412109375,0.5386415719985962,0.7773423790931702,0.6217164993286133,0.6535674333572388,0.4487336277961731,0.700200080871582,0.477413147687912,0.6304065585136414,0.4382900893688202,0.796371340751648,0.6512194871902466,0.07425311207771301,0.11465214937925339
0.0790657103061676,0.08499753475189209,0.005049378611147404,0.036346230655908585,0.015547536313533783,0.034188199788331985,0.017583951354026794,0.3520899713039398,0.07406962662935257,0.12596794962882996,0.010748025961220264,0.003842266509309411,0.11450919508934021,0.00538985151797533,0.012533703818917274
0.4542878270149231,0.34967875480651855,0.024312376976013184,0.0643233209848404,0.018528036773204803,0.09698005020618439,0.24678705632686615,0.3236784338951111,0.008578255772590637,0.16520775854587555,0.02184566855430603,0.017816733568906784,0.144196555018425,0.015150496736168861,0.07336366921663284
0.4218353033065796,0.7832226753234863,0.006987570319324732,0.7007148861885071,0.6348682045936584,0.5136092305183411,0.48078981041908264,0.6707736849784851,0.30927783250808716,0.7086414098739624,0.29334092140197754,0.808661162853241,0.942129373550415,0.09472990036010742,0.1445661336183548
0.5522429347038269,0.7031466960906982,0.5031730532646179,0.8118154406547546,0.44326749444007874,0.605759859085083,0.33196526765823364,0.650842010974884,0.347545862197876,0.5258100032806396,0.5437049865722656,0.5905137062072754,0.6544994115829468,0.07344072312116623,0.10406245291233063
0.12263507395982742,0.12118977308273315,0.03074139542877674,0.021118322387337685,0.006728740409016609,0.03113575652241707,0.0870530903339386,0.3209211230278015,0.020584316924214363,0.24373148381710052,0.05285840108990669,0.4138070344924927,0.769219696521759,0.021647699177265167,0.07285881787538528
0.30312269926071167,0.8907303214073181,0.05204180255532265,0.389612078666687,0.08443909883499146,0.41717249155044556,0.10940941423177719,0.2946091294288635,0.8552353978157043,0.638603925704956,0.1273229718208313,0.45878538489341736,0.7467041015625,0.01812957040965557,0.07041683793067932
0.4757900536060333,0.7140741944313049,0.08923600614070892,0.8168498277664185,0.4617164134979248,0.39559805393218994,0.33376505970954895,0.6386867165565491,0.5131004452705383,0.5846843123435974,0.30413392186164856,0.8142867088317871,0.9010252952575684,0.10347171127796173,0.2991889715194702
0.49606963992118835,0.35953783988952637,0.018571289256215096,0.23282773792743683,0.49654775857925415,0.6272545456886292,0.5280196070671082,0.6706660985946655,0.04434569925069809,0.415688693523407,0.07327251881361008,0.4234531819820404,0.7777050137519836,0.057512737810611725,0.03167002275586128
0.57132887840271,0.5056645274162292,0.2782652974128723,0.3961412310600281,0.32831546664237976,0.4509473741054535,0.3744634985923767,0.6014537215232849,0.16363832354545593,0.5127774477005005,0.3031775653362274,0.7718549966812134,0.867523729801178,0.22118641436100006,0.08096811175346375
0.7339710593223572,0.6825182437896729,0.5825995206832886,0.8068006634712219,0.6381912231445312,0.6293193101882935,0.6544027924537659,0.770892858505249,0.6135461926460266,0.6704342365264893,0.665142834186554,0.8185153603553772,0.6849316954612732,0.30133894085884094,0.1757088452577591
0.6342987418174744,0.4572831690311432,0.3616502285003662,0.7055460214614868,0.39419886469841003,0.40461722016334534,0.32038766145706177,0.6049821376800537,0.5304301381111145,0.4814451336860657,0.3165986239910126,0.9425191283226013,0.7876049876213074,0.09937729686498642,0.12698040902614594
0.8800607919692993,0.586357831954956,0.21372653543949127,0.8261923789978027,0.7569736242294312,0.6771329045295715,0.7506754994392395,0.7533836364746094,0.45910415053367615,0.5944207906723022,0.2603875994682312,0.7258755564689636,0.884024441242218,0.22519327700138092,0.04185982048511505
0.3570975959300995,0.6513122916221619,0.07955687493085861,0.3976626396179199,0.014835427515208721,0.571600615978241,0.0052136825397610664,0.14404967427253723,0.9429499506950378,0.6296951174736023,0.167228564620018,0.7326636910438538,0.2520977854728699,0.017455151304602623,0.06718710064888
0.2304134964942932,0.5173043012619019,0.004849355202168226,0.021234823390841484,0.0015059899305924773,0.33690187335014343,0.00010755274706752971,0.005541153717786074,0.0003297564690001309,0.17866267263889313,0.05107882618904114,0.3645623028278351,0.12609770894050598,0.00032862182706594467,0.12494193762540817
0.23025056719779968,0.24880625307559967,0.3793429136276245,0.23181873559951782,0.018966279923915863,0.18705244362354279,0.10533004254102707,0.2147168070077896,0.4308459162712097,0.583536684513092,0.30666235089302063,0.7121913433074951,0.6686722636222839,0.013944466598331928,0.02172490581870079
0.3617599904537201,0.6592226624488831,0.01770862191915512,0.05309702455997467,0.0039379773661494255,0.050631385296583176,0.002387531101703644,0.10027451068162918,0.0028319903649389744,0.45862603187561035,0.03823474422097206,0.4896521270275116,0.036540254950523376,0.014417723752558231,0.05137453228235245
0.21804611384868622,0.6815289258956909,0.037478890269994736,0.1215711459517479,0.022190086543560028,0.18273353576660156,0.09027497470378876,0.1135210171341896,0.012931516394019127,0.26988548040390015,0.07583919167518616,0.7112711668014526,0.7292613983154297,0.01092534139752388,0.040027063339948654
0.1431180089712143,0.06331360340118408,0.01891552284359932,0.008040213026106358,0.0010175061179324985,0.03804236277937889,0.010703970678150654,0.1703987568616867,0.015677591785788536,0.5418770909309387,0.01816587708890438,0.030128110200166702,0.052854023873806,0.004984892439097166,0.04758371785283089
0.834388017654419,0.8797902464866638,0.19346816837787628,0.31866297125816345,0.8265954852104187,0.8077582120895386,0.5697469711303711,0.9511159658432007,0.7803059816360474,0.7068340182304382,0.20872004330158234,0.5361306667327881,0.8167275190353394,0.0984937846660614,0.11349929124116898
0.8426797389984131,0.8143812417984009,0.0732206329703331,0.3452899754047394,0.6886065602302551,0.8292990922927856,0.8369505405426025,0.8047310709953308,0.11592189222574234,0.5492455363273621,0.09841912239789963,0.3973393440246582,0.7870580554008484,0.07455424219369888,0.1290832757949829
0.9451399445533752,0.6075946092605591,0.13828660547733307,0.45832347869873047,0.7563649415969849,0.903899610042572,0.4004310071468353,0.6285579204559326,0.22133536636829376,0.6034665107727051,0.16641782224178314,0.4392358064651489,0.42090556025505066,0.06260647624731064,0.08980732411146164
0.00793349277228117,0.25264522433280945,0.002863075118511915,0.15012575685977936,0.0009160705376416445,0.03064536675810814,0.0004215539956931025,0.002429855987429619,0.0007270289352163672,0.041428085416555405,0.0032445373944938183,0.021307921037077904,0.010322948917746544,0.0006436947151087224,0.023952070623636246
0.43659085035324097,0.6284323930740356,0.060738664120435715,0.12245847284793854,0.00893954373896122,0.1248016208410263,0.018779853358864784,0.2450406551361084,0.005785095505416393,0.7674556374549866,0.080662801861763,0.2739509642124176,0.06755076348781586,0.0037672212347388268,0.08203373104333878
0.145448699593544,0.3536825478076935,0.016542702913284302,0.027612630277872086,0.005650398321449757,0.07944197952747345,0.0038565718568861485,0.22222179174423218,0.014999650418758392,0.5017659068107605,0.0499076284468174,0.05066452547907829,0.018343374133110046,0.00831185095012188,0.043303266167640686
0.4974254071712494,0.6484038233757019,0.08007842302322388,0.055294010788202286,0.035527296364307404,0.29244911670684814,0.09524910897016525,0.2945340573787689,0.0971425324678421,0.7873151898384094,0.046207986772060394,0.11103333532810211,0.1568421721458435,0.010868162848055363,0.12488522380590439
0.8436813354492188,0.6621060371398926,0.14152470231056213,0.43218374252319336,0.1021595224738121,0.6922723054885864,0.29141345620155334,0.6484457850456238,0.17151731252670288,0.5804588794708252,0.15614555776119232,0.7421098947525024,0.6725446581840515,0.06277872622013092,0.06383371353149414
0.41100457310676575,0.42836692929267883,0.05920814722776413,0.045040328055620193,0.07129667699337006,0.5631206035614014,0.17798253893852234,0.2710244059562683,0.018824685364961624,0.43691563606262207,0.05889400094747543,0.06108273193240166,0.1721760630607605,0.033603060990571976,0.060708221048116684
0.9691242575645447,0.8240720629692078,0.19587406516075134,0.43397054076194763,0.006455426104366779,0.8366351127624512,0.007407682947814465,0.6192222833633423,0.14194419980049133,0.7210290431976318,0.11947602778673172,0.24422430992126465,0.10991211980581284,0.020003443583846092,0.10344523191452026
0.9148101806640625,0.9303690195083618,0.030241867527365685,0.13495291769504547,0.0027924729511141777,0.7485778331756592,0.0049906400963664055,0.1767323911190033,0.0015705178957432508,0.37744781374931335,0.030652686953544617,0.07659530639648438,0.11100071668624878,0.018220361322164536,0.04867355525493622
0.8763896226882935,0.7526341676712036,0.04964857175946236,0.3195786774158478,0.09127526730298996,0.5728054642677307,0.05496668443083763,0.42286381125450134,0.004002062603831291,0.4434901773929596,0.1498304307460785,0.20808203518390656,0.29081884026527405,0.18905377388000488,0.10948496311903
0.9359374642372131,0.7242898941040039,0.009876213036477566,0.08564136922359467,0.0023444558028131723,0.5388981103897095,0.0012985965004190803,0.2881315350532532,0.4394044578075409,0.7032008767127991,0.04279549419879913,0.14789921045303345,0.100379578769207,0.010999482125043869,0.07204393297433853
0.2716767489910126,0.6768220663070679,0.04828359931707382,0.19830068945884705,0.0077560460194945335,0.037679608911275864,0.01098581776022911,0.3847576081752777,0.2955818772315979,0.343791127204895,0.022896783426404,0.06021568179130554,0.0945432186126709,0.013415288180112839,0.08364101499319077
0.37713298201560974,0.3459494113922119,0.4359249770641327,0.48289045691490173,0.207881361246109,0.11472000926733017,0.2422589212656021,0.5872959494590759,0.37180662155151367,0.6569463014602661,0.3630123734474182,0.8173278570175171,0.6102091073989868,0.08534979075193405,0.04342878609895706
0.7646400332450867,0.8249221444129944,0.08474746346473694,0.506202220916748,0.17220604419708252,0.3040870726108551,0.12152508646249771,0.4080570340156555,0.3778841495513916,0.39799579977989197,0.29365435242652893,0.3676489293575287,0.2174098789691925,0.04481498524546623,0.06888336688280106
0.06263481825590134,0.02025863714516163,0.0008184536709450185,0.0010617331136018038,0.0006754431524313986,0.004336862824857235,0.019297657534480095,0.0032334118150174618,0.0032887770794332027,0.2417190968990326,0.007498295046389103,0.00337586528621614,0.008557947352528572,0.0033219526521861553,0.0029383411165326834
0.30380141735076904,0.37618812918663025,0.050779037177562714,0.0645780935883522,0.022825120016932487,0.06331004947423935,0.11459801346063614,0.4044594168663025,0.13228747248649597,0.5787107348442078,0.09009018540382385,0.336552232503891,0.25302034616470337,0.014500931836664677,0.04282204434275627
0.8122704029083252,0.4960904121398926,0.3507307171821594,0.1605711430311203,0.19693271815776825,0.1587526500225067,0.6165710091590881,0.6882711052894592,0.5096255540847778,0.7926335334777832,0.25481322407722473,0.7139158248901367,0.618423342704773,0.10631361603736877,0.07396756112575531
0.787300705909729,0.7665395140647888,0.053659845143556595,0.36794912815093994,0.19319772720336914,0.6813389658927917,0.1639033555984497,0.7008308172225952,0.1366901844739914,0.5045821666717529,0.09530890733003616,0.7054508328437805,0.426955908536911,0.04719899222254753,0.044598646461963654
0.9734472036361694,0.6540083885192871,0.22369062900543213,0.9589352011680603,0.6996645331382751,0.2982752025127411,0.15181295573711395,0.8647725582122803,0.3056451082229614,0.9039602279663086,0.2769016623497009,0.46015557646751404,0.5447876453399658,0.11162466555833817,0.045326001942157745
0.8913147449493408,0.5497458577156067,0.010432297363877296,0.06885767728090286,0.0034537767060101032,0.24527005851268768,0.0052780467085540295,0.05777861550450325,0.038420669734478,0.5345765948295593,0.08493884652853012,0.45942261815071106,0.48021331429481506,0.03552001342177391,0.042678967118263245
0.7916470170021057,0.2372560054063797,0.46059197187423706,0.48752903938293457,0.08942124992609024,0.07752368599176407,0.40386950969696045,0.46532464027404785,0.731630802154541,0.856327474117279,0.26561111211776733,0.5872882008552551,0.5905952453613281,0.07886000722646713,0.008668679744005203
0.7025130987167358,0.6346102952957153,0.10364173352718353,0.3699302673339844,0.041504696011543274,0.7696521878242493,0.2355305254459381,0.5775607824325562,0.07784660160541534,0.28945204615592957,0.07856781035661697,0.4965815544128418,0.15287156403064728,0.013996029272675514,0.08743029832839966
0.8349379301071167,0.7677199244499207,0.03897009789943695,0.5360961556434631,0.01808459311723709,0.7569072842597961,0.0033412128686904907,0.472301721572876,8.912865450838581e-05,0.4588160812854767,0.09046290069818497,0.08864034712314606,0.07094158977270126,0.005674267653375864,0.05844131112098694
0.4137642979621887,0.3815368711948395,0.039588749408721924,0.2741228938102722,0.002420404925942421,0.16312222182750702,0.0025946598034352064,0.06874644011259079,0.00036041802377440035,0.2708991765975952,0.009730120189487934,0.017471816390752792,0.007572715636342764,0.007030209060758352,0.018713662400841713
0.650111198425293,0.7836489677429199,0.3200798034667969,0.23512469232082367,0.009079157374799252,0.2973446547985077,0.02508181892335415,0.5440401434898376,0.0024514510296285152,0.4780353605747223,0.10698592662811279,0.23601102828979492,0.06868775933980942,0.024886131286621094,0.06529508531093597
0.04586663842201233,0.5411635041236877,0.009603295475244522,0.11744066327810287,0.0074588521383702755,0.1342516392469406,0.015491347759962082,0.003196500474587083,0.0001195347576867789,0.2924070358276367,0.04985925927758217,0.1452220231294632,0.011097514070570469,0.012237527407705784,0.0378730483353138
0.19753767549991608,0.5940699577331543,0.1358315348625183,0.21195511519908905,0.006128515116870403,0.029360273852944374,0.01307012140750885,0.15010052919387817,0.0020982215646654367,0.679253876209259,0.7230865955352783,0.07701677829027176,0.067988820374012,0.010357173159718513,0.1257048100233078
0.5001702308654785,0.43051621317863464,0.007282959762960672,0.03833317011594772,0.0011301538906991482,0.03207319229841232,0.0027121270541101694,0.18299070000648499,0.0008625463233329356,0.2590438425540924,0.1239803358912468,0.028609884902834892,0.02425721101462841,0.0067936936393380165,0.14513136446475983
0.4677141606807709,0.47480082511901855,0.3197510242462158,0.3574184775352478,0.01082400418817997,0.07516652345657349,0.047157950699329376,0.17699651420116425,0.0003449148789513856,0.34041884541511536,0.13756050169467926,0.24856141209602356,0.14096342027187347,0.006197840441018343,0.04323119297623634
0.8996531367301941,0.8579337000846863,0.9228782653808594,0.9099258184432983,0.13350637257099152,0.43716636300086975,0.27210214734077454,0.8303787708282471,0.0036157341673970222,0.6823114156723022,0.6146315932273865,0.8017882108688354,0.4233938455581665,0.016318676993250847,0.1444656252861023
0.2764051556587219,0.5924265384674072,0.01370418444275856,0.15996858477592468,0.0023063039407134056,0.167507603764534,0.0030391209293156862,0.09765754640102386,0.0005719899199903011,0.25454866886138916,0.03701965510845184,0.08478212356567383,0.018507475033402443,0.0027854987420141697,0.09504036605358124
0.7938766479492188,0.6376023292541504,0.21719519793987274,0.756896436214447,0.20926572382450104,0.7046255469322205,0.05453481152653694,0.5272222757339478,0.0002860097447410226,0.3237215578556061,0.35266321897506714,0.19388563930988312,0.09639868140220642,0.018280107527971268,0.12455601245164871
0.9923386573791504,0.7195634245872498,0.16076070070266724,0.2705201208591461,0.018256952986121178,0.5483120679855347,0.06666658073663712,0.2438095659017563,0.001493544434197247,0.34426385164260864,0.2985268533229828,0.09138565510511398,0.07755665481090546,0.005132591817528009,0.05234454199671745
0.8152347207069397,0.6097027063369751,0.17518362402915955,0.4703867733478546,0.13555997610092163,0.5026124715805054,0.08300038427114487,0.7447255849838257,0.0009435801184736192,0.46940988302230835,0.22412440180778503,0.2988739013671875,0.2853216528892517,0.021757587790489197,0.03731941804289818
0.6189594268798828,0.44237515330314636,0.011801480315625668,0.13046756386756897,0.0019968082197010517,0.04100589454174042,0.0034724825527518988,0.14211978018283844,0.00022455315047409385,0.290919691324234,0.014268102124333382,0.021404532715678215,0.009317825548350811,0.0030218178872019053,0.06471887230873108
0.08721649646759033,0.37364694476127625,0.02080356329679489,0.043100737035274506,0.003611207939684391,0.023405639454722404,0.011432935483753681,0.03160052001476288,0.0003726581344380975,0.1403736174106598,0.02540949545800686,0.06912557780742645,0.021204441785812378,0.007308440748602152,0.05991175398230553
0.8923216462135315,0.8004526495933533,0.046416088938713074,0.28241047263145447,0.0016582825919613242,0.10628914088010788,0.0017861007945612073,0.3014390170574188,0.0003705277049448341,0.101459801197052,0.06733684986829758,0.026565909385681152,0.04448429122567177,0.01235978864133358,0.07075191289186478
0.6340053677558899,0.75101238489151,0.02149824984371662,0.15197812020778656,0.0018590384861454368,0.11741559952497482,0.0007402467890642583,0.01136336661875248,0.00022468903625849634,0.02794456109404564,0.03660694137215614,0.03625756874680519,0.019364727661013603,0.0036008800379931927,0.1252509355545044
0.8913923501968384,0.8740705251693726,0.0568351186811924,0.24605968594551086,0.005547062493860722,0.149815171957016,0.10226120799779892,0.5938364863395691,0.0004730409709736705,0.6727482676506042,0.042843397706747055,0.13135629892349243,0.09363574534654617,0.0161080751568079,0.03583527356386185
0.7989470958709717,0.5165846347808838,0.02360626868903637,0.6237871646881104,0.061506956815719604,0.5296643376350403,0.7142153382301331,0.7412983775138855,0.20560988783836365,0.4318024516105652,0.1451370269060135,0.23608292639255524,0.24165308475494385,0.09968731552362442,0.02228158339858055
0.6503616571426392,0.46795904636383057,0.02922651544213295,0.12612219154834747,0.0021711699664592743,0.7063719034194946,0.005638025235384703,0.07733744382858276,0.00014309724792838097,0.08257806301116943,0.055193234235048294,0.00502705667167902,0.10087412595748901,0.0059243496507406235,0.02467171475291252
0.9676889181137085,0.7282096147537231,0.08889221400022507,0.2757987976074219,0.0057699354365468025,0.4874899387359619,0.010437089018523693,0.08508900552988052,0.0002397922653472051,0.07629159092903137,0.0783669725060463,0.14055673778057098,0.07443150132894516,0.006824157666414976,0.07830613851547241
0.07964535802602768,0.07510349899530411,0.004622108768671751,0.5019798278808594,0.0009544255444779992,0.005994838662445545,0.00035802871570922434,0.05872546508908272,0.0004759000148624182,0.009925291873514652,0.015566042624413967,0.002680428558960557,0.0029325587674975395,0.00034570260322652757,0.01103583350777626
0.7465731501579285,0.6212653517723083,0.21866343915462494,0.3509446978569031,0.009726755321025848,0.41103145480155945,0.7212041020393372,0.496713250875473,0.006145005580037832,0.3894147276878357,0.15232501924037933,0.10801611095666885,0.19564473628997803,0.021525723859667778,0.0662706047296524
0.48265376687049866,0.627738356590271,0.25959205627441406,0.7749570608139038,0.22478611767292023,0.0529424250125885,0.16233627498149872,0.09668515622615814,0.011220591142773628,0.4864845871925354,0.24630413949489594,0.04281281307339668,0.01839347928762436,0.007465836592018604,0.03339112177491188
0.002655687974765897,0.3016428053379059,0.00045548900379799306,0.010780610144138336,0.0012027102056890726,0.05008018761873245,0.003642164869233966,0.43006274104118347,0.0010144606931135058,0.05745295435190201,0.004434836562722921,0.00338296708650887,0.0034403137397021055,0.0003126787196379155,0.006206791382282972
0.5583915114402771,0.6554782390594482,0.07575365900993347,0.004780684132128954,0.002947555622085929,0.012166296131908894,0.14798299968242645,0.3401482105255127,0.0003329888277221471,0.32281750440597534,0.036973737180233,0.050762347877025604,0.08116582781076431,0.007197651546448469,0.11730443686246872
0.19492222368717194,0.4500676691532135,0.02112690545618534,0.23290008306503296,0.004677976947277784,0.7302587032318115,0.006673096213489771,0.39180508255958557,0.001741677988320589,0.0368487723171711,0.023465607315301895,0.002975258743390441,0.03893937170505524,0.006696564611047506,0.06847863644361496
0.41870930790901184,0.2325252890586853,0.001670813886448741,0.46693897247314453,0.0006741206161677837,0.06885174661874771,0.0027327050920575857,0.014448159374296665,0.0002364183746976778,0.008696842007339,0.03891950100660324,0.000486421980895102,0.004581549670547247,0.0004740283766295761,0.02375493198633194
0.4904841184616089,0.5198681354522705,0.037674810737371445,0.4392927289009094,0.004958184435963631,0.0781455710530281,0.007358276750892401,0.12005756050348282,0.0019140959484502673,0.3003345727920532,0.029599051922559738,0.14966462552547455,0.0779196172952652,0.009457863867282867,0.035140376538038254
0.3356614112854004,0.35189366340637207,0.270764023065567,0.11313023418188095,0.00273442012257874,0.028138672932982445,0.002475219778716564,0.3654554784297943,0.0007159502129070461,0.5192819833755493,0.05337134003639221,0.0086147990077734,0.007591120898723602,0.000631169241387397,0.02924250066280365
0.8496027588844299,0.718991756439209,0.6755194664001465,0.8570176959037781,0.05636649951338768,0.2333109825849533,0.25397181510925293,0.6588301062583923,0.067857526242733,0.6255753636360168,0.467700719833374,0.6750847697257996,0.2624098062515259,0.02158639393746853,0.06598707288503647
0.7787070274353027,0.6825761198997498,0.4127248525619507,0.38315340876579285,0.1157282143831253,0.24282324314117432,0.16648872196674347,0.6542759537696838,0.0018904508324339986,0.5486290454864502,0.7440283298492432,0.8245054483413696,0.6708775162696838,0.02008596807718277,0.13886481523513794
0.9777600765228271,0.7345637679100037,0.1353480964899063,0.5345700979232788,0.027944475412368774,0.31790754199028015,0.030323509126901627,0.8808848857879639,0.0007920076604932547,0.6788297295570374,0.10424229502677917,0.17335432767868042,0.03429490700364113,0.0031464197672903538,0.06368163973093033
0.855861246585846,0.5842217803001404,0.05316298454999924,0.7281583547592163,0.051212333142757416,0.45419082045555115,0.0408003143966198,0.3489624559879303,0.0003577345050871372,0.2424413114786148,0.0956176370382309,0.027506785467267036,0.07642139494419098,0.2702980935573578,0.060281287878751755
0.5407729744911194,0.3443969190120697,0.07626610994338989,0.8071988821029663,0.00617685541510582,0.3085932731628418,0.021915994584560394,0.2087148129940033,0.0003392738872207701,0.10517345368862152,0.12792173027992249,0.05838949978351593,0.046644359827041626,0.0027183671481907368,0.05124148726463318
0.5997077226638794,0.4518614411354065,0.0266010332852602,0.2728748321533203,0.0027481545694172382,0.4712044596672058,0.0011876390781253576,0.06328274309635162,0.00016080781642813236,0.2542443871498108,0.07676300406455994,0.11225953698158264,0.023844849318265915,0.03482794016599655,0.03956863284111023
0.73410564661026,0.7307724356651306,0.0771937370300293,0.023489482700824738,0.006987038534134626,0.10398808121681213,0.06713226437568665,0.3742096722126007,0.0012263946700841188,0.4801689386367798,0.16802389919757843,0.09917297214269638,0.10589681565761566,0.0040028817020356655,0.12251479178667068
0.2679939866065979,0.3495262861251831,0.03376675024628639,0.009587524458765984,0.005329144652932882,0.4089026153087616,0.02454649657011032,0.0384720042347908,0.0006410341011360288,0.13952167332172394,0.024335624650120735,0.009194879792630672,0.04132282733917236,0.0007378250593319535,0.03777733072638512
0.8171199560165405,0.7619175910949707,0.2546152174472809,0.11059613525867462,0.013757196255028248,0.05431189388036728,0.47120463848114014,0.2940627336502075,0.08626613765954971,0.4810689091682434,0.04518701508641243,0.09332125633955002,0.31272411346435547,0.017769772559404373,0.09463470429182053
0.9094253778457642,0.8904844522476196,0.17912177741527557,0.17842769622802734,0.1239033117890358,0.7130790948867798,0.8216255903244019,0.7814637422561646,0.008596493862569332,0.7577863931655884,0.24068748950958252,0.6115628480911255,0.7514728307723999,0.04835675284266472,0.1635679304599762
0.8270460367202759,0.6008615493774414,0.4609341621398926,0.5693223476409912,0.0060583557933568954,0.5227074027061462,0.04043525457382202,0.051185645163059235,0.0009620919008739293,0.3788793981075287,0.17038197815418243,0.4313047528266907,0.08051791787147522,0.00525605259463191,0.08460808545351028
0.9460429549217224,0.9129782319068909,0.20271602272987366,0.4343768060207367,0.040870629251003265,0.42018166184425354,0.13226120173931122,0.564069390296936,0.0025154375471174717,0.5317493677139282,0.44939368963241577,0.20197981595993042,0.5541234016418457,0.13296058773994446,0.1455966979265213
0.9514723420143127,0.6683945655822754,0.02285473793745041,0.19690628349781036,0.05281402915716171,0.5531857013702393,0.022487331181764603,0.8444859385490417,0.0002041430852841586,0.26744344830513,0.23786289989948273,0.27598705887794495,0.06573710590600967,0.02843511663377285,0.13813911378383636
0.7171680331230164,0.830016553401947,0.08140398561954498,0.572451114654541,0.006895075086504221,0.5308011174201965,0.060107212513685226,0.5522806644439697,0.0028512533754110336,0.2360459715127945,0.16361182928085327,0.02820717915892601,0.06215440854430199,0.030553482472896576,0.14644615352153778
0.8414940237998962,0.7724628448486328,0.10922127217054367,0.4246704876422882,0.03984733298420906,0.2741343080997467,0.10048352926969528,0.2741298973560333,0.008295190520584583,0.41022345423698425,0.08118056505918503,0.12354005128145218,0.17282187938690186,0.04087379574775696,0.10147629678249359
0.22244299948215485,0.4449651837348938,0.020069219172000885,0.08442357927560806,0.0034594989847391844,0.03609240800142288,0.023759743198752403,0.06896238774061203,0.0015922283055260777,0.09824799746274948,0.020930379629135132,0.022958429530262947,0.044778577983379364,0.004545379895716906,0.11104865372180939
0.8036950826644897,0.4530580937862396,0.10392985492944717,0.03649143874645233,0.04212946444749832,0.4776659309864044,0.28054362535476685,0.615576982498169,0.042771514505147934,0.4934957027435303,0.18564362823963165,0.40744924545288086,0.3963385820388794,0.08412235230207443,0.1898917406797409
0.8155526518821716,0.542660653591156,0.09959498047828674,0.42271748185157776,0.032248206436634064,0.719682514667511,0.07007236033678055,0.18370267748832703,0.0015849123010411859,0.25715890526771545,0.07582887262105942,0.03357929363846779,0.18999257683753967,0.01827157475054264,0.062463972717523575
0.6781365275382996,0.6579325795173645,0.4471428096294403,0.6373398303985596,0.34490594267845154,0.7302284240722656,0.3761352300643921,0.523448646068573,0.43114766478538513,0.5463848114013672,0.35894671082496643,0.45190590620040894,0.40347766876220703,0.0359516479074955,0.21762968599796295
0.6886096596717834,0.49203041195869446,0.02781064249575138,0.21370480954647064,0.006893808022141457,0.533722996711731,0.01604180783033371,0.06473685055971146,0.001716105965897441,0.17966988682746887,0.03915797546505928,0.036049824208021164,0.07396476715803146,0.004510900005698204,0.011910251341760159
0.7650927901268005,0.7053125500679016,0.1521936058998108,0.2831568419933319,0.016546210274100304,0.2299235761165619,0.11068236082792282,0.6101716160774231,0.004141186363995075,0.612656831741333,0.21733041107654572,0.04835231602191925,0.10874048620462418,0.027623774483799934,0.10135907679796219
0.41265368461608887,0.534721851348877,0.01365569420158863,0.034198157489299774,0.0028977561742067337,0.13607099652290344,0.01299052033573389,0.1318829208612442,0.0006142575293779373,0.2659507691860199,0.021849915385246277,0.05026918277144432,0.022718174383044243,0.0035254794638603926,0.040028590708971024
0.09334686398506165,0.27114370465278625,0.008696097880601883,0.06545095890760422,0.006025627721101046,0.014794808812439442,0.0032514396589249372,0.17217391729354858,0.0005423348629847169,0.08640055358409882,0.08041702210903168,0.02437899261713028,0.03895488753914833,0.0042122527956962585,0.1585027426481247
0.0958499014377594,0.13402175903320312,0.01968269981443882,0.04346020519733429,0.009373802691698074,0.3901347815990448,0.0011743635404855013,0.020337076857686043,0.0009967434452846646,0.06400921940803528,0.060229845345020294,0.1272910237312317,0.048618752509355545,0.018029019236564636,0.06230932101607323
0.004546126816421747,0.009903818368911743,0.002815784187987447,0.0025790096260607243,0.00048214165144599974,0.004858600907027721,0.00018285335681866854,0.0010370007948949933,0.00015840056585147977,0.009724442847073078,0.003174761077389121,0.0016774237155914307,0.0003566000086721033,0.0009049780783243477,0.004104485269635916
0.5856645703315735,0.9265560507774353,0.07109415531158447,0.2735680937767029,0.017543209716677666,0.23802506923675537,0.008813843131065369,0.8001264929771423,0.02356613241136074,0.3859107196331024,0.07265854626893997,0.024763232097029686,0.020591050386428833,0.016727160662412643,0.06847841292619705
0.40810608863830566,0.17090171575546265,0.015977688133716583,0.0353911891579628,0.0023180267307907343,0.03260597959160805,0.024592120200395584,0.0903833657503128,0.0020220826845616102,0.14610597491264343,0.021099841222167015,0.03743130341172218,0.04106369614601135,0.02686254493892193,0.01817980408668518
0.12784720957279205,0.025683658197522163,0.001938425237312913,0.061763159930706024,0.0013113582972437143,0.10299526154994965,0.0021682726219296455,0.007748448755592108,0.0005526619497686625,0.015713896602392197,0.004266370553523302,0.004121789243072271,0.007044765632599592,0.00190693826880306,0.009548499248921871
0.9449487924575806,0.7943441867828369,0.18014922738075256,0.513951301574707,0.004042873624712229,0.18143130838871002,0.005598822142928839,0.09540211409330368,0.0008796312613412738,0.2526131272315979,0.1318170577287674,0.03709964081645012,0.01657308079302311,0.0029259505681693554,0.035843104124069214
0.21826761960983276,0.6094596982002258,0.18669745326042175,0.1573801040649414,0.047202255576848984,0.31790876388549805,0.05454060062766075,0.22190986573696136,0.0008118771947920322,0.2550605237483978,0.762366533279419,0.037884000688791275,0.02569509670138359,0.010125297121703625,0.05661455914378166
0.8337700963020325,0.4932168126106262,0.016515610739588737,0.322257936000824,0.00545135885477066,0.06837576627731323,0.011997783556580544,0.016654809936881065,0.041164059191942215,0.04533999040722847,0.013403314165771008,0.11601489782333374,0.10031712800264359,0.006359265651553869,0.040545545518398285
0.9622100591659546,0.8289663791656494,0.1341702938079834,0.1976446956396103,0.02566034346818924,0.2429109513759613,0.09448698908090591,0.27714720368385315,0.0014805721584707499,0.6479797959327698,0.08424006402492523,0.2543652653694153,0.2926916182041168,0.03066287189722061,0.09269307553768158
0.7822061777114868,0.6428837776184082,0.00499127060174942,0.18360556662082672,0.005194233730435371,0.03825966268777847,0.004976854659616947,0.013516603037714958,0.0009514924022369087,0.049959294497966766,0.04172621667385101,0.020619479939341545,0.013944550417363644,0.011545896530151367,0.09813667088747025
0.8401485681533813,0.9189624190330505,0.07749379426240921,0.5278286337852478,0.006003512069582939,0.18381653726100922,0.006633592303842306,0.1697847545146942,0.0010613364866003394,0.6888383626937866,0.06254775822162628,0.09623555094003677,0.06921215355396271,0.01590602658689022,0.11889810860157013
0.7448822259902954,0.6352746486663818,0.08415007591247559,0.22116467356681824,0.0175555981695652,0.04024961590766907,0.028181539848446846,0.08336447924375534,0.003961271606385708,0.4979862868785858,0.07242602109909058,0.1502499133348465,0.023282790556550026,0.02927422896027565,0.131418839097023
0.8515718579292297,0.7325823307037354,0.26073870062828064,0.44375622272491455,0.06740260869264603,0.23838825523853302,0.2049654871225357,0.43091127276420593,0.015245557762682438,0.5337278246879578,0.15452513098716736,0.2767709493637085,0.1701279729604721,0.07125528156757355,0.1563808172941208
0.5921306014060974,0.4012376666069031,0.20168417692184448,0.7043503522872925,0.07777944207191467,0.14008291065692902,0.011034620925784111,0.12205661833286285,0.04671527072787285,0.5428662300109863,0.09616528451442719,0.24060775339603424,0.20639391243457794,0.006904392968863249,0.03728577494621277
0.37714365124702454,0.41980552673339844,0.637768030166626,0.29141053557395935,0.015557711943984032,0.19475498795509338,0.007846033200621605,0.6803125143051147,0.03635631874203682,0.5747979283332825,0.3536013066768646,0.8450950384140015,0.04494568705558777,0.04670412093400955,0.07680565863847733
0.34638962149620056,0.5897086262702942,0.07126167416572571,0.28001922369003296,0.03644481673836708,0.11441481858491898,0.06589140743017197,0.40249839425086975,0.08408211171627045,0.5300997495651245,0.0746709331870079,0.1464981734752655,0.08833368122577667,0.008163508027791977,0.00906056072562933
0.7890323996543884,0.6562513113021851,0.015257962979376316,0.30764710903167725,0.004755561705678701,0.5086091160774231,0.0029719406738877296,0.029997119680047035,0.00018294529581908137,0.05059732496738434,0.05709190294146538,0.025442682206630707,0.02287033013999462,0.3468122184276581,0.11455658078193665
0.7853264808654785,0.7028083205223083,0.009688358753919601,0.33614879846572876,0.0036976828705519438,0.4567876160144806,0.01880955509841442,0.1270098239183426,0.0005211258539929986,0.07457436621189117,0.05508701130747795,0.010271701030433178,0.009197480045258999,0.0028173928149044514,0.035014986991882324
0.5239250063896179,0.5397884845733643,0.09934724867343903,0.1861582100391388,0.007870967499911785,0.06284958124160767,0.019301876425743103,0.1495642513036728,0.0013917175820097327,0.4547528624534607,0.12306730449199677,0.028742218390107155,0.02765861339867115,0.004345156718045473,0.14647585153579712
0.4086082875728607,0.5383819341659546,0.0017837709747254848,0.21815292537212372,0.0015009670751169324,0.034527506679296494,0.002655207412317395,0.190438374876976,0.018642257899045944,0.5374242663383484,0.022511199116706848,0.03742368519306183,0.021693887189030647,0.0023938703816384077,0.13492730259895325
0.3118078410625458,0.5705666542053223,0.030299220234155655,0.09251265227794647,0.004198665730655193,0.03895001485943794,0.00674396613612771,0.16521616280078888,0.0009078698931261897,0.5031026601791382,0.0312751941382885,0.013583680614829063,0.02897767536342144,0.0020723186898976564,0.09074172377586365
0.511633574962616,0.7660278081893921,0.09943229705095291,0.36155128479003906,0.038709934800863266,0.3259539306163788,0.05523001030087471,0.7368698716163635,0.0008622491732239723,0.39621278643608093,0.23691530525684357,0.2332717776298523,0.4828720688819885,0.02337609976530075,0.11651323735713959
0.8524392247200012,0.7475573420524597,0.21004825830459595,0.5343428254127502,0.44878751039505005,0.43719959259033203,0.09561550617218018,0.3736021816730499,0.001554738963022828,0.6135818362236023,0.2569311559200287,0.41198891401290894,0.43714189529418945,0.10099408775568008,0.18127134442329407
0.6497446298599243,0.7756839394569397,0.16471898555755615,0.8321642279624939,0.4710780382156372,0.6337583661079407,0.43340131640434265,0.7141640782356262,0.007144265808165073,0.49050378799438477,0.5961400270462036,0.2043561041355133,0.40286704897880554,0.036413922905921936,0.13770219683647156
0.9196018576622009,0.7132437229156494,0.07049544900655746,0.28693801164627075,0.029954155907034874,0.48150527477264404,0.9235329031944275,0.8280181884765625,0.0009508549701422453,0.3261401355266571,0.4609466791152954,0.14046886563301086,0.4752557575702667,0.18861523270606995,0.13101308047771454
0.18379457294940948,0.3353276252746582,0.056534551084041595,0.18812569975852966,0.00787542574107647,0.09371289610862732,0.010365898720920086,0.07377412170171738,0.007853880524635315,0.14314071834087372,0.02304700016975403,0.025038957595825195,0.05610284209251404,0.005352777894586325,0.05665348842740059
0.9549189805984497,0.9220643639564514,0.20266284048557281,0.7039319276809692,0.013812107034027576,0.185322105884552,0.02387312613427639,0.42009860277175903,0.0006656438345089555,0.7438600063323975,0.32755762338638306,0.21853207051753998,0.14944520592689514,0.010217900387942791,0.15733690559864044
0.3094886541366577,0.6188615560531616,0.017727091908454895,0.14864735305309296,0.1411437690258026,0.5056682229042053,0.010668004862964153,0.04481775686144829,0.0006482887547463179,0.11095990240573883,0.8634616136550903,0.18680310249328613,0.09456698596477509,0.01274404302239418,0.07020197063684464
0.7879325747489929,0.732841432094574,0.07916060090065002,0.46334007382392883,0.02175041474401951,0.2963840961456299,0.09812650084495544,0.505551278591156,0.01859094947576523,0.41829976439476013,0.43707260489463806,0.12066373974084854,0.056461405009031296,0.006205698940902948,0.2567342221736908
0.8728495836257935,0.7471543550491333,0.17433683574199677,0.2602621912956238,0.059352513402700424,0.28480997681617737,0.8979479670524597,0.7515413165092468,0.0007236167439259589,0.5926129817962646,0.08679427951574326,0.32872530817985535,0.2425702065229416,0.0734373927116394,0.07081430405378342
0.6579940319061279,0.4627654254436493,0.08996519446372986,0.26748406887054443,0.10385531932115555,0.2829151153564453,0.10677427053451538,0.45293372869491577,0.04268699884414673,0.32324695587158203,0.19234736263751984,0.4913633167743683,0.173390731215477,0.04209757223725319,0.053123172372579575
0.9191452264785767,0.8295918107032776,0.3973194360733032,0.7302848696708679,0.3943999111652374,0.5715343952178955,0.5487732887268066,0.72220778465271,0.2928506135940552,0.6672821044921875,0.31644612550735474,0.8179186582565308,0.620355486869812,0.0813128873705864,0.21296191215515137
0.7168296575546265,0.6540535688400269,0.5281229019165039,0.6875153183937073,0.39735642075538635,0.6795656681060791,0.39942726492881775,0.5963478088378906,0.41010671854019165,0.5683834552764893,0.4820554256439209,0.7246657013893127,0.6521605849266052,0.09120184183120728,0.3499370217323303
0.9223751425743103,0.6868054866790771,0.3262919485569,0.7679815888404846,0.5799302458763123,0.8236727714538574,0.599158525466919,0.9433354139328003,0.34445372223854065,0.6083922982215881,0.4185388386249542,0.651775062084198,0.6942219138145447,0.11823788285255432,0.14820285141468048
0.9367086887359619,0.8817724585533142,0.14242546260356903,0.7493175864219666,0.023064980283379555,0.7643859386444092,0.02454908937215805,0.16581055521965027,0.0005063529824838042,0.3568505346775055,0.15454261004924774,0.1338641494512558,0.32748717069625854,0.08113456517457962,0.14156341552734375
0.936830461025238,0.7590804100036621,0.017427025362849236,0.17498402297496796,0.010498572140932083,0.49912819266319275,0.0020119771361351013,0.014863749966025352,0.0002015691570704803,0.027950691059231758,0.06324011087417603,0.07029339671134949,0.04307667165994644,0.004537844564765692,0.042895179241895676
0.9581581354141235,0.7944822907447815,0.0764676108956337,0.3449873924255371,0.010432638227939606,0.5222464799880981,0.017495673149824142,0.16172975301742554,0.0001362927141599357,0.09988687932491302,0.08882102370262146,0.29326164722442627,0.2367800623178482,0.004051628988236189,0.06743860989809036
0.5754980444908142,0.8049594163894653,0.06610643118619919,0.18611912429332733,0.0032200671266764402,0.6971398591995239,0.008880337700247765,0.15177832543849945,0.0005582986050285399,0.14919047057628632,0.15536446869373322,0.09700603783130646,0.07478602975606918,0.005716240499168634,0.05672067403793335
0.42104342579841614,0.342894971370697,0.0667390525341034,0.2607792615890503,0.11646676063537598,0.16501525044441223,0.7021933794021606,0.5720624923706055,0.13633663952350616,0.04431096836924553,0.10053423047065735,0.030498404055833817,0.39887091517448425,0.009371649473905563,0.04412960633635521
0.3053089380264282,0.6945613026618958,0.04810621961951256,0.31450214982032776,0.06185174360871315,0.3024994730949402,0.2515515685081482,0.10466446727514267,0.616808295249939,0.3472840487957001,0.22258387506008148,0.1512027084827423,0.05292018875479698,0.0008365778485313058,0.12336103618144989
0.10330872982740402,0.0808773934841156,0.002400963334366679,0.1494920253753662,0.003109842538833618,0.03797260671854019,0.010955370031297207,0.017725110054016113,0.00016426351794507354,0.049808111041784286,0.03198937699198723,0.004381998907774687,0.009070919826626778,0.0007744827307760715,0.0399484783411026
0.7273147702217102,0.5824900269508362,0.23202374577522278,0.4951779246330261,0.2754520773887634,0.24980390071868896,0.34316253662109375,0.5543410778045654,0.22516532242298126,0.5593869090080261,0.3371519148349762,0.8123711943626404,0.4959030747413635,0.10265437513589859,0.004023752640932798
0.5718084573745728,0.6975990533828735,0.020844340324401855,0.4354538321495056,0.0982288122177124,0.23193219304084778,0.2978370785713196,0.7352785468101501,0.011898699216544628,0.5339382886886597,0.3488064706325531,0.3255768120288849,0.22414040565490723,0.04350166767835617,0.11098511517047882
0.7435599565505981,0.5169559121131897,0.09651671350002289,0.768674373626709,0.44883278012275696,0.595108151435852,0.42749497294425964,0.4901401102542877,0.5767160058021545,0.7213057279586792,0.44811704754829407,0.7068353891372681,0.4198477566242218,0.00035216729156672955,0.2352333664894104
0.13080944120883942,0.7862051129341125,0.004785127006471157,0.19304198026657104,0.0023004256654530764,0.16206030547618866,0.0022709243930876255,0.14596562087535858,0.0007718331180512905,0.10949660837650299,0.062021978199481964,0.007630620151758194,0.00983333308249712,0.0022175926715135574,0.04867371916770935
0.7242412567138672,0.35740339756011963,0.20278015732765198,0.14402537047863007,0.021807953715324402,0.10891102254390717,0.141201451420784,0.6422742009162903,0.0062543353997170925,0.617668628692627,0.10817770659923553,0.17463597655296326,0.19683487713336945,0.018514595925807953,0.12930531799793243
0.8167763948440552,0.6491698026657104,0.3569238483905792,0.5838961601257324,0.39961448311805725,0.42921051383018494,0.5887384414672852,0.6408624649047852,0.6597257852554321,0.8013232946395874,0.5569469928741455,0.8866782784461975,0.7125608325004578,0.1475914865732193,0.12078457325696945
0.8173996806144714,0.8072140216827393,0.12157627195119858,0.4674433767795563,0.09853580594062805,0.37101325392723083,0.2512742280960083,0.6997166275978088,0.04732493683695793,0.8111172318458557,0.4265337288379669,0.6333889365196228,0.3960934281349182,0.4099705219268799,0.209547221660614
0.8935211896896362,0.6579979062080383,0.19467519223690033,0.43204444646835327,0.27093377709388733,0.7242274880409241,0.2787255644798279,0.8350642919540405,0.30760058760643005,0.6342920660972595,0.28301647305488586,0.3561345934867859,0.1356632560491562,0.03358737379312515,0.12321613729000092
0.8547651767730713,0.33878305554389954,0.02075272984802723,0.008654722943902016,0.006493584718555212,0.36744415760040283,0.4490639269351959,0.6586195826530457,0.0008093693177215755,0.41080158948898315,0.032643355429172516,0.05909165367484093,0.07558490335941315,0.0055532390251755714,0.026155885308980942
0.6830447912216187,0.670428454875946,0.14789365231990814,0.3850216567516327,0.2843364179134369,0.7640146017074585,0.15232740342617035,0.6353393793106079,0.0032461239024996758,0.384679913520813,0.2822980284690857,0.2136235535144806,0.29475557804107666,0.20296646654605865,0.11648812890052795
0.6692343950271606,0.7011051177978516,0.1351848989725113,0.10048529505729675,0.11837030947208405,0.5249343514442444,0.9135493040084839,0.5071339011192322,0.013756658881902695,0.7391860485076904,0.3126482665538788,0.3141963481903076,0.3398909568786621,0.054045420140028,0.14399775862693787
0.8334602117538452,0.9240217804908752,0.24313898384571075,0.43224143981933594,0.18126732110977173,0.7970176935195923,0.09974801540374756,0.4585864543914795,0.0010359736625105143,0.6008371114730835,0.13580456376075745,0.2110130488872528,0.3453127145767212,0.01869068667292595,0.14684998989105225
0.477835088968277,0.5680540800094604,0.021506307646632195,0.16604359447956085,0.004030708689242601,0.4506356418132782,0.025350214913487434,0.6785071492195129,0.0006292617181316018,0.4480133652687073,0.14511017501354218,0.03164953365921974,0.017316099256277084,0.021895593032240868,0.04008438065648079
0.4845406115055084,0.7235900163650513,0.04247967153787613,0.1859332174062729,0.023263845592737198,0.06964384019374847,0.0061410474590957165,0.2193664014339447,0.0005063546122983098,0.22281032800674438,0.1373477727174759,0.13509081304073334,0.16226689517498016,0.12341766804456711,0.11167103797197342
0.8419734835624695,0.6559286713600159,0.6540787220001221,0.31407129764556885,0.6683822274208069,0.7844396829605103,0.46937352418899536,0.8711857795715332,0.5227647423744202,0.6243487596511841,0.10071999579668045,0.7450922131538391,0.682883083820343,0.14036472141742706,0.017816271632909775
0.07861120998859406,0.7608532309532166,0.0068581439554691315,0.42289218306541443,0.0021037147380411625,0.002644025022163987,0.010580414906144142,0.6521379947662354,0.0031491294503211975,0.03474029153585434,0.025629283860325813,0.013336589559912682,0.019515780732035637,0.0018759944941848516,0.0541757270693779
0.9521160125732422,0.7028419375419617,0.13519398868083954,0.4651961624622345,0.12562333047389984,0.8459548950195312,0.15491242706775665,0.8351065516471863,0.11393915861845016,0.7898808717727661,0.4686354398727417,0.3413948714733124,0.24162697792053223,0.15078729391098022,0.20407703518867493
0.5891869068145752,0.3963240087032318,0.09650436788797379,0.13316579163074493,0.010731367394328117,0.1956486999988556,0.06164318323135376,0.7789804935455322,0.007829926908016205,0.26786595582962036,0.08010123670101166,0.05797938257455826,0.15530768036842346,0.0220060832798481,0.2088104784488678
0.5035664439201355,0.6557872295379639,0.13948361575603485,0.18147577345371246,0.02843027561903,0.13891765475273132,0.07987795025110245,0.4663621485233307,0.015268000774085522,0.5763664841651917,0.23297198116779327,0.17584680020809174,0.12190084904432297,0.021420618519186974,0.22434015572071075
0.7457869648933411,0.8642029166221619,0.0780041292309761,0.08074011653661728,0.0033409579191356897,0.593700110912323,0.007932959124445915,0.07828289270401001,0.00018613506108522415,0.46909528970718384,0.08204091340303421,0.27775582671165466,0.20782722532749176,0.031674012541770935,0.04948434233665466
0.8441594243049622,0.6522229313850403,0.4995039105415344,0.7668416500091553,0.47735899686813354,0.3104586899280548,0.2916411757469177,0.6816709637641907,0.2484561949968338,0.7444501519203186,0.43673330545425415,0.6746233701705933,0.4543057084083557,0.10266130417585373,0.12005507200956345
0.6169779896736145,0.5351588129997253,0.7535066604614258,0.9471954703330994,0.19278210401535034,0.31348347663879395,0.31191539764404297,0.5995654463768005,0.27580490708351135,0.6822944283485413,0.5537291765213013,0.8601847290992737,0.5453452467918396,0.08314185589551926,0.05284922569990158
0.9640793800354004,0.6602147221565247,0.33920812606811523,0.3266124129295349,0.033553291112184525,0.1695122867822647,0.09789682924747467,0.08350451290607452,0.009655355475842953,0.4124433100223541,0.15586040914058685,0.8938831686973572,0.0915890634059906,0.006155358161777258,0.051372185349464417
0.809563159942627,0.5908400416374207,0.3503027856349945,0.8567383885383606,0.7671225666999817,0.8267638683319092,0.6495360732078552,0.7778646945953369,0.7467296123504639,0.8117016553878784,0.27464181184768677,0.8536410331726074,0.5641831755638123,0.04817749187350273,0.08104557543992996
0.045581620186567307,0.38213130831718445,0.007447396870702505,0.03449273854494095,0.01126901712268591,0.05958130583167076,0.004633220843970776,0.024497821927070618,0.0007065043319016695,0.0500088632106781,0.024725010618567467,0.9712626338005066,0.057750504463911057,0.0034337546676397324,0.12032102793455124
0.664527177810669,0.7262769341468811,0.3749285340309143,0.4652092754840851,0.25653076171875,0.8031832575798035,0.4266151189804077,0.5942342281341553,0.453288733959198,0.5915639400482178,0.31375476717948914,0.5355539917945862,0.43927013874053955,0.07122469693422318,0.11518459022045135
0.7276567816734314,0.8492186069488525,0.6596202254295349,0.6690524816513062,0.562391459941864,0.790022611618042,0.4986588954925537,0.6478144526481628,0.5565944910049438,0.634048342704773,0.5730053186416626,0.7926672101020813,0.7003316283226013,0.16189371049404144,0.32704684138298035
0.40100711584091187,0.5829646587371826,0.7614567279815674,0.8366501927375793,0.4483399987220764,0.055125366896390915,0.15329605340957642,0.41597965359687805,0.4184691309928894,0.487080842256546,0.685154139995575,0.6235154271125793,0.46892502903938293,0.10709935426712036,0.28157058358192444
0.12244882434606552,0.6759042143821716,0.05052565410733223,0.23471862077713013,0.025627292692661285,0.49152877926826477,0.017684681341052055,0.06990838050842285,0.030530625954270363,0.4046104848384857,0.27478936314582825,0.6862761974334717,0.13100527226924896,0.01675836555659771,0.1394874006509781
0.38560959696769714,0.477933406829834,0.07432602345943451,0.05052470043301582,0.0007430521654896438,0.2973247468471527,0.0010881117777898908,0.008278850466012955,0.00166264025028795,0.05256248265504837,0.09528457373380661,0.42843469977378845,0.014388871379196644,0.0008944008150137961,0.035965342074632645
0.06383375078439713,0.6473118662834167,0.00011114537483081222,0.3233968913555145,0.0017358778277412057,0.05702989920973778,0.18969936668872833,0.3306739032268524,0.1552056521177292,0.47403568029403687,0.0009063498582690954,0.5852001309394836,0.0031010902021080256,0.006021406501531601,0.005254840478301048
0.7258000373840332,0.6081451773643494,0.6452616453170776,0.7911344170570374,0.37498539686203003,0.45259639620780945,0.37188759446144104,0.6559165120124817,0.5621060729026794,0.6156413555145264,0.3630774915218353,0.7432929873466492,0.6347765922546387,0.13485489785671234,0.16613781452178955
0.22134912014007568,0.4539013206958771,0.01498927641659975,0.1663421392440796,0.00392476562410593,0.1397402435541153,0.0031709233298897743,0.02928527072072029,0.0017282416811212897,0.13545875251293182,0.04959014803171158,0.04833522066473961,0.033263903111219406,0.0032679177820682526,0.06589916348457336
0.9745680689811707,0.6502146124839783,0.040316782891750336,0.399861603975296,0.004020750522613525,0.08542142063379288,0.006151596549898386,0.004933458752930164,0.0002687967207748443,0.026042547076940536,0.04189155995845795,0.06294559687376022,0.010883198119699955,0.0012597921304404736,0.028659893199801445
0.6516635417938232,0.49797093868255615,0.016294168308377266,0.07352125644683838,0.001289274194277823,0.289043664932251,0.0016633672639727592,0.006522343028336763,0.00010728264169301838,0.06267096102237701,0.030380459502339363,0.02356206625699997,0.006037387065589428,0.0019104530801996589,0.039183471351861954
0.5141718983650208,0.19695094227790833,0.008491854183375835,0.07953205704689026,0.001241156249307096,0.09594567120075226,0.001063350704498589,0.0010849523823708296,0.0006772782653570175,0.010510267689824104,0.01485547237098217,0.0962177962064743,0.0019326746696606278,0.0004537748754955828,0.050375182181596756
0.7409583330154419,0.741538405418396,0.3157920241355896,0.4371972382068634,0.13998910784721375,0.7229560017585754,0.0568910613656044,0.3310762643814087,0.0006278973305597901,0.4570819139480591,0.4329904615879059,0.09666112065315247,0.26933932304382324,0.010684902779757977,0.1392858624458313
0.6556356549263,0.6066702008247375,0.024945346638560295,0.40185102820396423,0.008516345173120499,0.1622304767370224,0.06759567558765411,0.9566410183906555,0.0027058476116508245,0.08198020607233047,0.06399495899677277,0.057553671300411224,0.13194967806339264,0.031474776566028595,0.0580647811293602
0.3696455657482147,0.49510425329208374,0.037713855504989624,0.3746034502983093,0.006834195461124182,0.3348408639431,0.006631969008594751,0.048182252794504166,0.0012755311327055097,0.06407240778207779,0.12676462531089783,0.07777909934520721,0.03099863789975643,0.002355707110837102,0.09720363467931747
0.9435215592384338,0.9343041777610779,0.08347702026367188,0.4334554672241211,0.3232048451900482,0.7579144239425659,0.038487717509269714,0.29613152146339417,0.0011589513160288334,0.3674352169036865,0.19543297588825226,0.2660990357398987,0.04626257345080376,0.009276303462684155,0.06373224407434464
0.12610900402069092,0.5105212926864624,0.05168336257338524,0.103754922747612,0.004035130608826876,0.16639107465744019,0.008369837887585163,0.12339818477630615,7.332795212278143e-05,0.01643543690443039,0.05273536220192909,0.17403458058834076,0.01724202372133732,0.004403932020068169,0.06128385663032532
0.30156776309013367,0.4698373079299927,0.053132470697164536,0.19534367322921753,0.10639990866184235,0.32727378606796265,0.12173226475715637,0.47467923164367676,0.5605512261390686,0.38829004764556885,0.23806509375572205,0.06748967617750168,0.095316082239151,0.02451080083847046,0.03956808149814606
0.3086809813976288,0.44568830728530884,0.09957771003246307,0.5186641812324524,0.0025742906145751476,0.05067949369549751,0.004822500515729189,0.41441068053245544,0.012480312027037144,0.36006253957748413,0.16748110949993134,0.02706608735024929,0.030999699607491493,0.0004915293538942933,0.04223504662513733
0.6642982363700867,0.7800390720367432,0.031190352514386177,0.4036155045032501,0.0036533114034682512,0.16041454672813416,0.002109512686729431,0.06690970808267593,0.0002963536826428026,0.39559853076934814,0.04700194671750069,0.06562470644712448,0.023823494091629982,0.003928087186068296,0.043196000158786774
0.6662499904632568,0.687457799911499,0.015823844820261,0.2000323385000229,0.0008715018630027771,0.42271286249160767,0.0010297901462763548,0.11270129680633545,7.286970503628254e-05,0.07173857092857361,0.025326261296868324,0.033288970589637756,0.021072767674922943,0.006663342006504536,0.08500046283006668
0.9722537994384766,0.7983447909355164,0.04259926453232765,0.2462138533592224,0.003656064858660102,0.1925087869167328,0.001920144073665142,0.09814406931400299,0.0032144514843821526,0.4276408851146698,0.071802519261837,0.038128770887851715,0.018206030130386353,0.002708969172090292,0.12509438395500183
0.001106695388443768,0.022467730566859245,0.0004999011289328337,0.006373043637722731,0.00023555233201477677,0.0007638629176653922,0.00016719095583539456,0.0007854658178985119,6.245368422241881e-05,0.02141600102186203,0.011335745453834534,0.0039942204020917416,0.0006749386666342616,0.0004232728388160467,0.07541902363300323
0.4471573829650879,0.3726852834224701,0.08953028172254562,0.271942138671875,0.0033988964278250933,0.02181251160800457,0.003073550295084715,0.08926409482955933,9.10070666577667e-05,0.24296638369560242,0.21000145375728607,0.10395976155996323,0.04366050660610199,0.004671495873481035,0.1455199122428894
0.8124517202377319,0.8228556513786316,0.7302393913269043,0.7106567025184631,0.5848426818847656,0.7823891639709473,0.5863398909568787,0.6299923062324524,0.5954858660697937,0.6267900466918945,0.7157633900642395,0.918263852596283,0.8434258103370667,0.2162231206893921,0.48042240738868713
0.546262800693512,0.6554239988327026,0.008824989199638367,0.11979393661022186,0.0035173119977116585,0.912567138671875,0.000973858346696943,0.010289291851222515,0.0001636857632547617,0.11946731805801392,0.015809688717126846,0.01549860555678606,0.005708829499781132,0.002164549892768264,0.025364918634295464
0.6100252270698547,0.5781702399253845,0.02855689451098442,0.11841512471437454,0.001562505611218512,0.5809133648872375,0.0009933948749676347,0.006806355435401201,9.244744433090091e-05,0.017093762755393982,0.04040999338030815,0.008364287205040455,0.004948928486555815,0.0015613716095685959,0.10072722285985947
0.7900941967964172,0.8182565569877625,0.017526783049106598,0.12421052902936935,0.0017579540144652128,0.8836846947669983,0.0007780754240229726,0.6280845403671265,0.00032693371758796275,0.39263567328453064,0.06803195178508759,0.037665873765945435,0.013536306098103523,0.0031180507503449917,0.07804560661315918
0.46160292625427246,0.734906792640686,0.0036636267323046923,0.048287533223629,0.002539286622777581,0.7764446139335632,0.0009989532409235835,0.10085824877023697,0.0010836799629032612,0.08841363340616226,0.02383083663880825,0.06541597843170166,0.01750493422150612,0.0026825484819710255,0.06086333468556404
0.05263688787817955,0.19263498485088348,0.04879710078239441,0.03960711136460304,0.004152527078986168,0.023478474467992783,0.013810493983328342,0.22955453395843506,0.0024790314491838217,0.5295637845993042,0.08192460238933563,0.03762988746166229,0.015238321386277676,0.010924974456429482,0.05098671093583107
0.9847936034202576,0.8282148838043213,0.06584448367357254,0.5970258712768555,0.03622990474104881,0.7240244746208191,0.04726322740316391,0.7598304152488708,0.0005473594064824283,0.32219696044921875,0.10684328526258469,0.02334558591246605,0.0862569734454155,0.03139296919107437,0.10001053661108017
0.7444047331809998,0.8109839558601379,0.06555590778589249,0.4624596834182739,0.0660640150308609,0.19766941666603088,0.01185969915241003,0.29864415526390076,0.0006652208976447582,0.46824854612350464,0.26234158873558044,0.5488865971565247,0.43445345759391785,0.007577454671263695,0.18545182049274445
0.7687385678291321,0.4981987178325653,0.46784788370132446,0.475635826587677,0.33444851636886597,0.2157532274723053,0.5443145036697388,0.16377277672290802,0.29018303751945496,0.6192628741264343,0.1628057360649109,0.7215387225151062,0.5345101952552795,0.08726447075605392,0.0955590084195137
0.5097928643226624,0.6736486554145813,0.10753197222948074,0.24739760160446167,0.012599097564816475,0.07309027016162872,0.01718992181122303,0.351452499628067,0.0052688224241137505,0.432919442653656,0.08356828987598419,0.12196996062994003,0.1751672923564911,0.010543640702962875,0.25391507148742676
0.9726668000221252,0.16015179455280304,0.02474849857389927,0.05322028324007988,0.04665690287947655,0.09608391672372818,0.17072907090187073,0.2671448290348053,0.07869604974985123,0.2179063856601715,0.04252449423074722,0.07067111134529114,0.2955263555049896,0.028084775432944298,0.006832037586718798
0.9714604616165161,0.7815528512001038,0.2980537414550781,0.5617992281913757,0.17924119532108307,0.26773521304130554,0.3568366765975952,0.6079486012458801,0.17454580962657928,0.7454397082328796,0.3530033230781555,0.6370875835418701,0.5009032487869263,0.07813800126314163,0.10253956913948059
0.2278178483247757,0.3298533260822296,0.03383297845721245,0.07108413428068161,0.0043198601342737675,0.03211277350783348,0.004352462477982044,0.4243357181549072,0.0030691788997501135,0.5774239897727966,0.12338270992040634,0.04181778430938721,0.09624627977609634,0.01356547325849533,0.13829392194747925
0.9393923282623291,0.7807228565216064,0.31646430492401123,0.8061274290084839,0.7139847278594971,0.4419061243534088,0.7174832820892334,0.9441321492195129,0.1392974853515625,0.7573392987251282,0.37012118101119995,0.6685110926628113,0.5053035616874695,0.6327334046363831,0.0634239912033081
0.6560812592506409,0.6144264340400696,0.4280114769935608,0.6148455739021301,0.4550643563270569,0.4861241281032562,0.46671149134635925,0.6420375108718872,0.4822520911693573,0.5902665853500366,0.46527716517448425,0.802097737789154,0.6343504786491394,0.3620057702064514,0.14266544580459595
0.12367585301399231,0.8239595890045166,0.0019293420482426882,0.34200671315193176,0.011343022808432579,0.7449908256530762,0.0044382368214428425,0.030364103615283966,0.00043920925236307085,0.22500355541706085,0.0496501550078392,0.039625730365514755,0.012469765730202198,0.005598197691142559,0.1097242683172226
0.36237287521362305,0.9232943654060364,0.040364671498537064,0.06615039706230164,0.004951790906488895,0.10225379467010498,0.0046485490165650845,0.06570181250572205,0.00041358661837875843,0.19024407863616943,0.07023943215608597,0.030997473746538162,0.078744076192379,0.004506825469434261,0.08180199563503265
0.19486913084983826,0.5710723996162415,0.027164656668901443,0.024227000772953033,0.0029411783907562494,0.02708677388727665,0.009947413578629494,0.08993224054574966,0.0001262913428945467,0.018220676109194756,0.06108571216464043,0.04342929646372795,0.028148263692855835,0.0016158592188730836,0.15822923183441162
0.04697690159082413,0.23639388382434845,0.006864733062684536,0.015178961679339409,0.001997923944145441,0.027608215808868408,0.001865071477368474,0.05515916645526886,0.0004328759096097201,0.09709668904542923,0.052947476506233215,0.05210920795798302,0.024064376950263977,0.0013751927763223648,0.01474619098007679
0.7871252298355103,0.7234203815460205,0.5626210570335388,0.728708028793335,0.5804468393325806,0.738273024559021,0.6003673672676086,0.6576945781707764,0.39842310547828674,0.7445248365402222,0.48308542370796204,0.8366329669952393,0.6198697686195374,0.5342192053794861,0.2638009488582611
0.7380619645118713,0.6346185207366943,0.08208119869232178,0.17796452343463898,0.4641769230365753,0.5729579925537109,0.1888963133096695,0.23530375957489014,0.0034983372315764427,0.19671401381492615,0.08413049578666687,0.2828821539878845,0.19722841680049896,0.058283086866140366,0.19144444167613983
0.8533003926277161,0.6733744144439697,0.5429655909538269,0.5149539709091187,0.4994542896747589,0.812181293964386,0.3616570830345154,0.7020286917686462,0.2807537317276001,0.5640957951545715,0.5751148462295532,0.8132216930389404,0.6896988749504089,0.13570371270179749,0.8793766498565674
0.778374195098877,0.844424307346344,0.23657861351966858,0.9646033644676208,0.03163557127118111,0.8718658685684204,0.020330065861344337,0.23651763796806335,0.0004521459632087499,0.18098925054073334,0.2586992084980011,0.14587675034999847,0.031207825988531113,0.02435993030667305,0.10442931205034256
0.8735310435295105,0.7611204981803894,0.17215830087661743,0.37245917320251465,0.02273959293961525,0.3349844515323639,0.016031693667173386,0.15539105236530304,0.0007680248818360269,0.44597485661506653,0.18574899435043335,0.08936771750450134,0.10436306893825531,0.014289150945842266,0.07671648263931274
0.7698310613632202,0.7230985760688782,0.1451142132282257,0.21403269469738007,0.01310648862272501,0.0986388772726059,0.1169440746307373,0.6352081894874573,0.004800037015229464,0.5426632165908813,0.11760591715574265,0.28455501794815063,0.33362698554992676,0.013988625258207321,0.16875116527080536
0.9550303816795349,0.5272272825241089,0.13019418716430664,0.20479534566402435,0.03208008036017418,0.06165074184536934,0.013174218125641346,0.028354601934552193,0.007729317527264357,0.3264470100402832,0.05915440246462822,0.08295397460460663,0.03371039032936096,0.01945476420223713,0.028014032170176506
0.9584113359451294,0.6555755734443665,0.31351688504219055,0.28394749760627747,0.030943231657147408,0.642936646938324,0.7624353766441345,0.09832464158535004,0.00019308085029479116,0.17817434668540955,0.04681253805756569,0.011970222927629948,0.018801352009177208,0.01067702192813158,0.036734405905008316
0.6250191926956177,0.2950826585292816,0.03294544667005539,0.2591210901737213,0.03864230215549469,0.15145343542099,0.03129251301288605,0.8486374020576477,0.01829773187637329,0.28362852334976196,0.0550784133374691,0.0786624550819397,0.06081245839595795,0.014636174775660038,0.06325423717498779
0.7262824773788452,0.4528983235359192,0.2447597235441208,0.3968330919742584,0.014520648866891861,0.3587203621864319,0.03918314352631569,0.28255510330200195,0.0004977755015715957,0.15839163959026337,0.1609967201948166,0.20758336782455444,0.23233145475387573,0.0053622606210410595,0.10402557253837585
0.523314356803894,0.48689866065979004,0.0817706361413002,0.35604870319366455,0.038539402186870575,0.15314342081546783,0.013393070548772812,0.271611750125885,0.005641573574393988,0.07698263972997665,0.09268462657928467,0.031316760927438736,0.1566101312637329,0.015925638377666473,0.06672529876232147
0.6831070184707642,0.8043375015258789,0.1524493545293808,0.4228418469429016,0.25144705176353455,0.6530909538269043,0.23815970122814178,0.40873536467552185,0.0026388652622699738,0.35507386922836304,0.24284406006336212,0.6652349829673767,0.9395492076873779,0.10263937711715698,0.12099234759807587
0.8835657238960266,0.24054954946041107,0.20087844133377075,0.24544858932495117,0.019232483580708504,0.11508046090602875,0.04710520803928375,0.3859557807445526,0.0017875629710033536,0.6089203357696533,0.07597096264362335,0.27522486448287964,0.13817639648914337,0.031728703528642654,0.05366813763976097
0.478956401348114,0.787946879863739,0.13005290925502777,0.4403386116027832,0.06930900365114212,0.28197649121284485,0.022771645337343216,0.7161986827850342,0.002598290331661701,0.4012731909751892,0.17775556445121765,0.2361951619386673,0.7392773628234863,0.021144568920135498,0.06282029300928116
0.2783895432949066,0.5609537363052368,0.03637082129716873,0.38107091188430786,0.059003300964832306,0.4475279748439789,0.07182769477367401,0.10405794531106949,0.010438063181936741,0.4715046286582947,0.41285204887390137,0.7955107092857361,0.12492229044437408,0.013334577903151512,0.06622029095888138
0.24444937705993652,0.20993337035179138,0.16430319845676422,0.04714450240135193,0.0031726283486932516,0.2865048348903656,0.001826668274588883,0.04742748290300369,0.000247782125370577,0.09653445333242416,0.046416252851486206,0.40108388662338257,0.06493455916643143,0.0025462086778134108,0.05912286415696144
0.4388924241065979,0.24254150688648224,0.6004295945167542,0.0966164842247963,0.28104907274246216,0.17659084498882294,0.2895326018333435,0.692101776599884,0.2836078405380249,0.4862998127937317,0.21565525233745575,0.6224786639213562,0.6634628176689148,0.08387396484613419,0.3758583664894104
0.9621911644935608,0.9153507947921753,0.25100234150886536,0.9898046851158142,0.9391837120056152,0.38894909620285034,0.7764285802841187,0.4168612062931061,0.0006453781970776618,0.582042932510376,0.14268910884857178,0.1349104791879654,0.1852053850889206,0.031770121306180954,0.047883663326501846
0.9641706943511963,0.8288900852203369,0.07883775234222412,0.5297450423240662,0.008081173524260521,0.7025496959686279,0.008012003265321255,0.526144802570343,0.0010822151089087129,0.5754982233047485,0.33325934410095215,0.31879955530166626,0.1804623305797577,0.028994120657444,0.09926217049360275
0.6603301763534546,0.6298837661743164,0.041627801954746246,0.4940240979194641,0.0065773711539804935,0.041694387793540955,0.006720136851072311,0.17797037959098816,0.0027952773962169886,0.43200254440307617,0.09796502441167831,0.03457068279385567,0.015973765403032303,0.009970977902412415,0.10503168404102325
0.8015874624252319,0.7517793774604797,0.0776720717549324,0.35026076436042786,0.021457230672240257,0.5197153687477112,0.013005957938730717,0.5023729205131531,0.0008116501267068088,0.5029110908508301,0.5601319074630737,0.36020663380622864,0.5672945380210876,0.04494470730423927,0.2484515756368637
0.8565648198127747,0.9151760935783386,0.10420013964176178,0.3637556731700897,0.01084058452397585,0.08691070228815079,0.049368198961019516,0.3934652507305145,0.35543733835220337,0.6818004846572876,0.10403788089752197,0.14046624302864075,0.17543362081050873,0.004405945539474487,0.1443396657705307
0.910629391670227,0.649649977684021,0.01841861940920353,0.11176806688308716,0.010199576616287231,0.6480597257614136,0.005205903667956591,0.04567456245422363,0.028551116585731506,0.648947536945343,0.22949174046516418,0.5494108200073242,0.039750296622514725,0.01216252613812685,0.02782592736184597
0.5107378363609314,0.7766017317771912,0.05966620147228241,0.27134180068969727,0.015018252655863762,0.43692055344581604,0.0042902277782559395,0.3390333950519562,0.0002956456155516207,0.3161282539367676,0.07315528392791748,0.07707586884498596,0.13346759974956512,0.0026792751159518957,0.10842002928256989
0.9056636691093445,0.920911431312561,0.008135027252137661,0.20456860959529877,0.005800022277981043,0.5965849161148071,0.0022190199233591557,0.42570823431015015,0.0012683250242844224,0.07001448422670364,0.034611836075782776,0.04319167882204056,0.021190175786614418,0.0031916035804897547,0.10362879186868668
0.7563647627830505,0.7945162057876587,0.003934055101126432,0.3212805688381195,0.0013684389414265752,0.7061828374862671,0.0011617126874625683,0.015504620969295502,0.0002158769784728065,0.06163686141371727,0.08380687981843948,0.06827255338430405,0.009155696257948875,0.0011499749962240458,0.13930800557136536
0.018590720370411873,0.5274707078933716,0.0027658857870846987,0.025889594107866287,0.0011118213878944516,0.01588931679725647,0.00019385760242585093,0.00828901119530201,0.00031992283766157925,0.039733950048685074,0.014793981797993183,0.0010189547901973128,0.0020855830516666174,0.0002564526512287557,0.012819269672036171
0.727171003818512,0.6879796981811523,0.02028913050889969,0.35934776067733765,0.03153519332408905,0.266230046749115,0.012842562980949879,0.0636073425412178,0.0007863493519835174,0.24907463788986206,0.03233521804213524,0.0708550438284874,0.017774730920791626,0.00404601264744997,0.06225749850273132
0.9320406317710876,0.8707502484321594,0.13819566369056702,0.024270640686154366,0.0029189453925937414,0.08296779543161392,0.013138235546648502,0.19353912770748138,0.0008316087769344449,0.5456691384315491,0.029232390224933624,0.05154670774936676,0.1507585346698761,0.02729038894176483,0.05053820088505745
0.836763858795166,0.718644917011261,0.09744513034820557,0.32251712679862976,0.03671982139348984,0.15186707675457,0.11437980085611343,0.09255020320415497,0.005121213849633932,0.53094083070755,0.05934152007102966,0.1712339222431183,0.15805719792842865,0.00875471718609333,0.22531907260417938
0.16564029455184937,0.14113320410251617,0.024825239554047585,0.005551404785364866,0.0007719519198872149,0.12780563533306122,0.038686953485012054,0.10886850953102112,0.0007913159788586199,0.24265553057193756,0.013338475488126278,0.035506684333086014,0.06868058443069458,0.035721633583307266,0.03810599073767662
0.33536791801452637,0.2626064419746399,0.02209995687007904,0.02022073045372963,0.004619511775672436,0.09072521328926086,0.003099258989095688,0.017584573477506638,0.00113138637971133,0.14354439079761505,0.01956835202872753,0.0065171802416443825,0.03180575743317604,0.002355664735659957,0.036286186426877975
0.9149452447891235,0.50699782371521,0.003987855277955532,0.0556182898581028,0.0012493160320445895,0.8349369168281555,0.0004105518164578825,0.02183837629854679,0.0007482003420591354,0.4995897114276886,0.021919583901762962,0.04334226995706558,0.010859755799174309,0.0009172377176582813,0.06589116901159286
0.7349711060523987,0.6445032358169556,0.03287256509065628,0.17664414644241333,0.007237863261252642,0.5338460803031921,0.004885928239673376,0.11111030727624893,0.0004824558272957802,0.1191578283905983,0.03913048654794693,0.06054738536477089,0.04293475300073624,0.022563042119145393,0.05903501808643341
0.6567219495773315,0.6227598786354065,0.07578013092279434,0.426463782787323,0.018550442531704903,0.7002906799316406,0.007246750872582197,0.08374051749706268,0.0025289426557719707,0.40331149101257324,0.1811237633228302,0.2139977216720581,0.09943056106567383,0.007480100262910128,0.08358333259820938
0.7409987449645996,0.7097886800765991,0.09837538003921509,0.21398375928401947,0.040448132902383804,0.544324517250061,0.040661245584487915,0.22783882915973663,0.010041262023150921,0.37097540497779846,0.09580587595701218,0.10569480806589127,0.16358530521392822,0.02484258823096752,0.6162672638893127
0.9462561011314392,0.7738380432128906,0.2718876004219055,0.1314617246389389,0.0038512353785336018,0.08356107026338577,0.0007914600428193808,0.02131776697933674,0.0030817475635558367,0.5870373845100403,0.14686515927314758,0.10906025022268295,0.015124848112463951,0.0034370371140539646,0.057532887905836105
0.6859910488128662,0.6792994737625122,0.8128750920295715,0.04287761077284813,0.012419099919497967,0.6666749715805054,0.00643401313573122,0.24836567044258118,0.010735884308815002,0.301148921251297,0.14038382470607758,0.18922752141952515,0.15249605476856232,0.007132281549274921,0.06247924268245697
0.7239164710044861,0.6349374651908875,0.048252541571855545,0.23781467974185944,0.010885634459555149,0.1013798862695694,0.014609035104513168,0.2844598889350891,0.002028529765084386,0.5736116170883179,0.0600234754383564,0.07914028316736221,0.2306523621082306,0.016546430066227913,0.04567154496908188
0.7074456810951233,0.7265263199806213,0.04214121401309967,0.2776102125644684,0.0058264415711164474,0.3959156274795532,0.00200583110563457,0.08559540659189224,0.00022525821987073869,0.16358812153339386,0.0631755068898201,0.03169221803545952,0.012572716921567917,0.0019857704173773527,0.14256560802459717
0.7918757200241089,0.7458670139312744,0.02408214658498764,0.07820229232311249,0.0034399530850350857,0.7328054904937744,0.0022040645126253366,0.007673034910112619,0.004537257831543684,0.12080729007720947,0.010794995352625847,0.022290105000138283,0.015290321782231331,0.008434843271970749,0.039579227566719055
0.765213131904602,0.8682793378829956,0.036454588174819946,0.05644975230097771,0.002669762121513486,0.04571741074323654,0.0022467628587037325,0.1396958827972412,0.0033069238997995853,0.378001868724823,0.023038271814584732,0.02949901483952999,0.08333238959312439,0.0014748373068869114,0.11143239587545395
0.9470979571342468,0.651076078414917,0.011661513708531857,0.027348199859261513,0.00450892373919487,0.24123986065387726,0.003082674229517579,0.3903493881225586,0.0007035289308987558,0.15469442307949066,0.01892542839050293,0.18546362221240997,0.12789058685302734,0.01390999648720026,0.12154512107372284
0.5188381671905518,0.675482988357544,0.004914121236652136,0.23767264187335968,0.007898683659732342,0.3737560212612152,0.005350786726921797,0.0007349287043325603,0.001238022930920124,0.15440493822097778,0.028726516291499138,0.3167385160923004,0.0048305983655154705,0.002685388084501028,0.005973004270344973
0.4266758859157562,0.16610383987426758,0.010870338417589664,0.04801788181066513,0.001358489040285349,0.08524436503648758,0.00041641690768301487,0.008635721169412136,0.00015959751908667386,0.010774566791951656,0.01758071780204773,0.024354027584195137,0.00988667830824852,0.0007438287138938904,0.06706656515598297
0.28525784611701965,0.2530045211315155,0.013629317283630371,0.09679364413022995,0.0008736704476177692,0.18337973952293396,0.0008486900478601456,0.09636013954877853,0.0002025072753895074,0.04414799064397812,0.024281850084662437,0.053266242146492004,0.05343187227845192,0.0009142798371613026,0.08202581107616425
0.5953022837638855,0.279915988445282,0.13182994723320007,0.7036658525466919,0.1273118406534195,0.673465371131897,0.19518646597862244,0.4212588965892792,0.2559067904949188,0.5963175296783447,0.24956442415714264,0.30156373977661133,0.2853411138057709,0.0010259955888614058,0.11405525356531143
0.6723580956459045,0.3521765470504761,0.013973304070532322,0.36355769634246826,0.06175123527646065,0.2798096537590027,0.39915212988853455,0.08697978407144547,0.4455432593822479,0.4991312623023987,0.05656115338206291,0.42577648162841797,0.035630423575639725,0.019006308168172836,0.01840621791779995
0.8429657220840454,0.24226759374141693,0.005816938355565071,0.026107417419552803,0.00034439205774106085,0.0874309316277504,0.00026449686265550554,0.0030567150097340345,7.763913163216785e-05,0.0011370944557711482,0.007765382528305054,0.002530256984755397,0.008899607695639133,0.001182706095278263,0.05572032928466797
0.769766628742218,0.5070856809616089,0.5781236290931702,0.7265700101852417,0.46623435616493225,0.617617666721344,0.5730701684951782,0.7273505330085754,0.5569674968719482,0.6681119799613953,0.5422139167785645,0.8277328610420227,0.7337205410003662,0.14396102726459503,0.40529119968414307
0.1122196689248085,0.8197872638702393,0.016428790986537933,0.0960930734872818,0.0019407334038987756,0.5883063077926636,0.009334695525467396,0.0060972063802182674,0.06899954378604889,0.08421467989683151,0.09922046959400177,0.3461959958076477,0.007591582369059324,0.0016543184174224734,0.03610590472817421
0.7426266670227051,0.5804063081741333,0.3697850704193115,0.808367133140564,0.26362037658691406,0.7041416764259338,0.6421195268630981,0.7730377912521362,0.6525797843933105,0.6902474761009216,0.32662293314933777,0.710786759853363,0.4253431558609009,0.09516087919473648,0.022230565547943115
0.9665915966033936,0.6210864186286926,0.01833953894674778,0.38978245854377747,0.01199053693562746,0.009063079953193665,0.00297525548376143,0.02614510804414749,0.00025400760932825506,0.24521030485630035,0.044862065464258194,0.02651960961520672,0.003497692523524165,0.005194832105189562,0.0313689224421978
0.9068243503570557,0.8194921612739563,0.22065488994121552,0.44548770785331726,0.1286996603012085,0.3017308712005615,0.4436068832874298,0.8010841608047485,0.21175536513328552,0.5975496768951416,0.2898121774196625,0.5609915256500244,0.522095799446106,0.07294628024101257,0.08963833749294281
0.8783103227615356,0.47138410806655884,0.08511978387832642,0.40703535079956055,0.04943122714757919,0.6468735933303833,0.11775726824998856,0.35488060116767883,0.3887373208999634,0.45155131816864014,0.09257770329713821,0.11985941231250763,0.2799442708492279,0.02903740480542183,0.0593370720744133
0.9255406260490417,0.49488556385040283,0.06527110934257507,0.30675169825553894,0.011865487322211266,0.15372832119464874,0.0036851586773991585,0.029772303998470306,0.009873398579657078,0.21145334839820862,0.12440706044435501,0.16122588515281677,0.052433691918849945,0.0036633636336773634,0.031712695956230164
0.7585188746452332,0.5530280470848083,0.23232468962669373,0.38770100474357605,0.17178675532341003,0.07892514765262604,0.061332713812589645,0.3257322311401367,0.08757460117340088,0.5696139335632324,0.2294650673866272,0.25403693318367004,0.3020910322666168,0.022228529676795006,0.1401931345462799
0.9762847423553467,0.749034583568573,0.43924394249916077,0.582793653011322,0.36370664834976196,0.5488322377204895,0.34236323833465576,0.7158619165420532,0.27082359790802,0.7071037292480469,0.5591461062431335,0.6086834073066711,0.622748613357544,0.108890101313591,0.1487877517938614
0.8936136960983276,0.7509130239486694,0.2633666694164276,0.3718816637992859,0.2729262411594391,0.4683090150356293,0.20499156415462494,0.3775927722454071,0.3439874053001404,0.5497206449508667,0.3663553297519684,0.5147302150726318,0.31153979897499084,0.05436047166585922,0.06387253105640411
0.5276172161102295,0.5894695520401001,0.05471866577863693,0.32775765657424927,0.12375927716493607,0.09602195769548416,0.007238459773361683,0.11274565011262894,0.04543349891901016,0.5667016506195068,0.10796831548213959,0.27797457575798035,0.010084996931254864,0.009877640753984451,0.11100763082504272
0.6487533450126648,0.42422837018966675,0.3965293765068054,0.2868228256702423,0.07125315815210342,0.11927156150341034,0.09216766804456711,0.22362883388996124,0.2857840657234192,0.17566941678524017,0.26529791951179504,0.14905576407909393,0.26121973991394043,0.026850130409002304,0.05760869011282921
0.880891740322113,0.6052079796791077,0.36372503638267517,0.42771610617637634,0.2213495820760727,0.45104461908340454,0.13291718065738678,0.48056110739707947,0.4276164770126343,0.5248464345932007,0.3421512544155121,0.6073923110961914,0.4063691794872284,0.03103461116552353,0.07801108062267303
0.5636754631996155,0.6401276588439941,0.09926743805408478,0.29642191529273987,0.01844041608273983,0.13142772018909454,0.0021210643462836742,0.007282342296093702,0.8468613028526306,0.6795036792755127,0.14611388742923737,0.2741948664188385,0.018812214955687523,0.003549717366695404,0.7769815921783447
0.7979832887649536,0.542146623134613,0.22505758702754974,0.42839235067367554,0.05000487342476845,0.1131630539894104,0.08009007573127747,0.16636650264263153,0.37854912877082825,0.23725633323192596,0.2862083911895752,0.2714380919933319,0.4806356728076935,0.011289268732070923,0.038011934608221054
0.9776341319084167,0.793357789516449,0.03035164624452591,0.7780407667160034,0.019200893118977547,0.28880342841148376,0.025022588670253754,0.04802601411938667,0.0024263763334602118,0.2912886142730713,0.16379575431346893,0.09765759855508804,0.01556498184800148,0.02582339383661747,0.07762391865253448
0.9092894792556763,0.508755087852478,0.00016160406812559813,0.04391961917281151,0.00018372175691183656,0.17155000567436218,0.0005040239775553346,0.0014405191177502275,0.00029339405591599643,0.002099344739690423,0.0032517139334231615,0.011056801304221153,0.0034824961330741644,0.0005797760677523911,0.05406694859266281
0.14041487872600555,0.52916020154953,0.017455969005823135,0.2648492753505707,0.003936547785997391,0.16368508338928223,0.03833458945155144,0.052102942019701004,0.004822966177016497,0.2816798686981201,0.01607932336628437,0.10452356934547424,0.010427729226648808,0.0023552055936306715,0.03777838125824928
0.1529254913330078,0.38151228427886963,0.02394907735288143,0.2950421869754791,0.05828871205449104,0.11004970222711563,0.008189755491912365,0.06358929723501205,0.007451915647834539,0.2267095446586609,0.11128601431846619,0.36906418204307556,0.0340389646589756,0.008907276205718517,0.004204778932034969
0.4634440243244171,0.6980591416358948,0.018974939361214638,0.1386050581932068,0.01204161997884512,0.07684493809938431,0.0034767964389175177,0.3541901409626007,0.0001494029420427978,0.01610836200416088,0.1387772560119629,0.35196003317832947,0.2914969325065613,0.006925248075276613,0.1186361089348793
0.547275185585022,0.7450057864189148,0.045839790254831314,0.12432693690061569,0.009038402698934078,0.6253893375396729,0.008024672977626324,0.20857129991054535,0.01548985205590725,0.017698395997285843,0.06968233734369278,0.18291930854320526,0.07551726698875427,0.01398826390504837,0.0812619999051094
0.5607602000236511,0.2669847011566162,0.13718274235725403,0.36912527680397034,0.12813356518745422,0.6683366298675537,0.239121675491333,0.4425424337387085,0.45468732714653015,0.4026624262332916,0.12503725290298462,0.2388783097267151,0.14348889887332916,0.0556582473218441,0.005813722964376211
0.5344668030738831,0.33931681513786316,0.2374308556318283,0.5676771402359009,0.249205082654953,0.45213186740875244,0.1471344381570816,0.3463222086429596,0.33905503153800964,0.5537175536155701,0.19787247478961945,0.15479639172554016,0.15995214879512787,0.03148540481925011,0.02022136189043522
0.7629122734069824,0.6404195427894592,0.4296756088733673,0.5874820947647095,0.36082354187965393,0.33551907539367676,0.25823089480400085,0.5661270022392273,0.6375423669815063,0.669242799282074,0.4705420732498169,0.6750397682189941,0.48137572407722473,0.11859375238418579,0.16347330808639526
0.7504954934120178,0.3604072332382202,0.3068787455558777,0.23856505751609802,0.13707716763019562,0.22318601608276367,0.46616312861442566,0.7062966823577881,0.425368994474411,0.7562760710716248,0.26139238476753235,0.7240814566612244,0.5857757925987244,0.09564249962568283,0.07208120822906494
0.0004645963490474969,0.03231966868042946,0.00018730493320617825,0.0011910783359780908,0.00019148628052789718,0.2627316415309906,0.00022649533639196306,0.00043368752812966704,4.053651719004847e-05,0.00024190354452002794,0.0018609208054840565,0.002993957372382283,0.0013170343590900302,0.0007373275584541261,0.005253514274954796
0.856115996837616,0.6907769441604614,0.5222681760787964,0.8119678497314453,0.5026042461395264,0.4521167576313019,0.6517556309700012,0.7581307291984558,0.6280259490013123,0.6725375056266785,0.3886857330799103,0.7485524415969849,0.7382060289382935,0.09878657013177872,0.24190273880958557
0.9266197085380554,0.763420581817627,0.49175286293029785,0.8247706890106201,0.6355844140052795,0.7658116221427917,0.8341736197471619,0.800719141960144,0.5579820871353149,0.6875747442245483,0.5491585731506348,0.8832128047943115,0.7996468544006348,0.2287951111793518,0.1647827923297882
0.552193820476532,0.34981653094291687,0.21224160492420197,0.7072604894638062,0.1664699763059616,0.33695003390312195,0.36309877038002014,0.4390955865383148,0.4242210388183594,0.4380277991294861,0.15729764103889465,0.3835279941558838,0.4122144281864166,0.06205819174647331,0.17914822697639465
0.8981119394302368,0.9561458230018616,0.03804584965109825,0.18519973754882812,0.015873601660132408,0.8910027146339417,0.057883407920598984,0.37433820962905884,0.0012736531207337976,0.21646592020988464,0.19214193522930145,0.2784593403339386,0.32278385758399963,0.17563442885875702,0.09778019040822983
0.9290085434913635,0.799403190612793,0.04539777711033821,0.17150762677192688,0.0089771943166852,0.8916705846786499,0.013620656915009022,0.06399843096733093,0.0031945453956723213,0.13166749477386475,0.03835078701376915,0.2183419167995453,0.17376460134983063,0.0032918418291956186,0.11404408514499664
0.05907924473285675,0.1751449704170227,0.0010311694350093603,0.008868986740708351,0.0011031747562810779,0.02006489597260952,0.0013507669791579247,0.007605187129229307,6.80754310451448e-05,0.002718547824770212,0.009672600775957108,0.024825194850564003,0.04468706622719765,0.00825823750346899,0.07564297318458557
0.8278818130493164,0.5033621191978455,0.06087663024663925,0.2973216474056244,0.07778091728687286,0.177085280418396,0.25028449296951294,0.6090983748435974,0.21627913415431976,0.4250233769416809,0.2371535301208496,0.4637090861797333,0.42770206928253174,0.03116358444094658,0.08253855258226395
0.8087840676307678,0.7479826211929321,0.10189229995012283,0.160051167011261,0.02158905565738678,0.4527672827243805,0.022886192426085472,0.42418479919433594,0.0013520410284399986,0.48048532009124756,0.26349496841430664,0.4572792649269104,0.12402673065662384,0.015076514333486557,0.10193624347448349
0.7442080974578857,0.5446341633796692,0.04306114464998245,0.06320282071828842,0.005917332135140896,0.7292746901512146,0.013947530649602413,0.10515090078115463,0.0028575360774993896,0.04151744395494461,0.12046847492456436,0.2812666893005371,0.34996694326400757,0.019336123019456863,0.06372515112161636
0.6975805759429932,0.4077136218547821,0.006618164479732513,0.042221322655677795,0.0030449291225522757,0.9138789772987366,0.012297242879867554,0.03925579786300659,0.00044891348807141185,0.20766137540340424,0.032859254628419876,0.03862597420811653,0.027318457141518593,0.009322436526417732,0.04745279625058174
0.7822672724723816,0.6747937798500061,0.4640144407749176,0.6888974905014038,0.3784310221672058,0.44321855902671814,0.4768466353416443,0.6892731189727783,0.4711882472038269,0.6131818890571594,0.4590548872947693,0.8953960537910461,0.6273548007011414,0.1504460573196411,0.1315518468618393
0.4433935880661011,0.5983566641807556,0.04450063407421112,0.2545604705810547,0.002454547444358468,0.03722824156284332,0.0054832641035318375,0.10774965584278107,0.00030971167143434286,0.3397778868675232,0.01678408496081829,0.011557519435882568,0.014204893261194229,0.008847127668559551,0.10428105294704437
0.9802940487861633,0.7676451206207275,0.22873017191886902,0.7215710282325745,0.055698782205581665,0.44896990060806274,0.19020849466323853,0.4342399537563324,0.017684385180473328,0.6460475325584412,0.17243227362632751,0.34707316756248474,0.38471028208732605,0.03268785774707794,0.09763943403959274
0.740327775478363,0.6004713177680969,0.06494039297103882,0.2348213940858841,0.007143201306462288,0.13541477918624878,0.07964133471250534,0.34593674540519714,0.0010757629061117768,0.30031222105026245,0.6293580532073975,0.0287735927850008,0.030222095549106598,0.046701639890670776,0.16185061633586884
0.7223318815231323,0.5435361266136169,0.16283249855041504,0.570905864238739,0.10828200727701187,0.2141723781824112,0.6350539326667786,0.4922263026237488,0.15331275761127472,0.4188251793384552,0.18966689705848694,0.6183924078941345,0.2594069540500641,0.08095469325780869,0.07177794724702835
0.7739132642745972,0.7000601291656494,0.1115686371922493,0.17674130201339722,0.005625433288514614,0.560197651386261,0.004406625404953957,0.15735605359077454,0.00031233683694154024,0.1223100870847702,0.10466685146093369,0.16972240805625916,0.10508950799703598,0.02425728179514408,0.10470665991306305
0.937524676322937,0.3139643967151642,0.000992251792922616,0.3548283278942108,0.0010320524452254176,0.004235407803207636,0.0026167710311710835,0.005000638775527477,0.05122437700629234,0.0031139261554926634,0.0064041330479085445,0.0008070775656960905,0.0009675577748566866,0.00012907272321172059,0.005491998977959156
0.7202593088150024,0.6358351111412048,0.009677468799054623,0.08578692376613617,0.00022828730288892984,0.9008013606071472,0.00017941049009095877,0.050667375326156616,0.0002454003843013197,0.18926052749156952,0.007483094930648804,0.0007499550702050328,0.011569890193641186,0.005524844396859407,0.007404804695397615
0.6527031064033508,0.49186480045318604,0.21965746581554413,0.3238435983657837,0.18785502016544342,0.12399295717477798,0.35127517580986023,0.6382341980934143,0.36993852257728577,0.4538470506668091,0.2665485739707947,0.4200780391693115,0.30194205045700073,0.0018217184115201235,0.06129969283938408
0.9611527919769287,0.6497392654418945,0.10901208221912384,0.5639165043830872,0.14155440032482147,0.6497287154197693,0.2275276929140091,0.471992164850235,0.5025728940963745,0.5731093883514404,0.19470147788524628,0.5198408961296082,0.1895885169506073,0.04418071731925011,0.09621140360832214
0.7182258367538452,0.33616867661476135,0.01021523866802454,0.032335065305233,0.001468756585381925,0.7884131669998169,0.0002512058708816767,0.013943826779723167,0.0008791785803623497,0.024468444287776947,0.005148629657924175,0.0019224175484851003,0.0027746143750846386,0.0007958459318615496,0.005627301521599293
0.7959319949150085,0.667503297328949,0.039375610649585724,0.14811089634895325,0.02009134367108345,0.08285227417945862,0.05427603796124458,0.6745524406433105,0.0040791453793644905,0.5383897423744202,0.05533299222588539,0.1797858625650406,0.25364917516708374,0.030548803508281708,0.13832205533981323
0.9379523992538452,0.8208125233650208,0.3013812005519867,0.786736786365509,0.3167721629142761,0.6210841536521912,0.8997344970703125,0.7847683429718018,0.1702505350112915,0.4819105267524719,0.22127792239189148,0.4345722496509552,0.7879562377929688,0.05327723175287247,0.0767727717757225
0.9555740356445312,0.9235365986824036,0.054860491305589676,0.3431103825569153,0.0985962450504303,0.367403119802475,0.9526550769805908,0.5189247727394104,0.0004688121553044766,0.2987167239189148,0.09626952558755875,0.29418712854385376,0.4577615559101105,0.03358888626098633,0.11080062389373779
0.0008316751918755472,0.4689614772796631,0.003294345922768116,0.16276197135448456,0.0076167648658156395,0.2911093235015869,0.0005082838470116258,0.002478579292073846,0.1844157725572586,0.7935580015182495,0.03173340484499931,0.040548019111156464,0.007850559428334236,0.0028545658569782972,0.020689619705080986
0.7073082327842712,0.7271472215652466,0.023823730647563934,0.1141873300075531,0.0266810804605484,0.6782060265541077,0.07422131299972534,0.35178083181381226,0.022722670808434486,0.33688151836395264,0.041083358228206635,0.35891881585121155,0.284526526927948,0.03983652591705322,0.08373326808214188
0.8251210451126099,0.8977723121643066,0.04443630203604698,0.32945379614830017,0.03640943020582199,0.9106563329696655,0.05400228872895241,0.820785641670227,0.07073965668678284,0.5618039965629578,0.09073217213153839,0.3516571819782257,0.20536628365516663,0.04199737310409546,0.13493049144744873
0.6468448042869568,0.48500218987464905,0.22312398254871368,0.43785715103149414,0.465248167514801,0.701215386390686,0.9412662386894226,0.6529770493507385,0.5371128916740417,0.4687703549861908,0.27463498711586,0.48456329107284546,0.5164729952812195,0.1029558777809143,0.07099565863609314
0.8149662017822266,0.5882812738418579,0.4685112237930298,0.7492592334747314,0.5770593285560608,0.24021996557712555,0.5077515840530396,0.7231149077415466,0.5239481925964355,0.5915024280548096,0.45176437497138977,0.6362753510475159,0.508012592792511,0.04461195692420006,0.20340578258037567
0.6293688416481018,0.5103550553321838,0.44562289118766785,0.5565634965896606,0.18875102698802948,0.31285154819488525,0.33321648836135864,0.6492950320243835,0.3859250247478485,0.576449453830719,0.1761835515499115,0.5317720770835876,0.4957815408706665,0.11386628448963165,0.013735933229327202
0.1143898144364357,0.6544771790504456,0.003815429052338004,0.04544356092810631,0.0017599576385691762,0.09155048429965973,0.0016894504660740495,0.020217478275299072,0.000714697118382901,0.01624453440308571,0.017224015668034554,0.14720335602760315,0.03633890300989151,0.0018984812777489424,0.03725232183933258
0.6758849024772644,0.669048547744751,0.3887465000152588,0.7024598121643066,0.43440890312194824,0.4372299015522003,0.5959765911102295,0.7397929430007935,0.7513126730918884,0.7667568922042847,0.4664051830768585,0.7532320618629456,0.6466600894927979,0.11908847838640213,0.1254536509513855
0.7912482023239136,0.6637040972709656,0.5026447772979736,0.7126149535179138,0.390750914812088,0.5106407999992371,0.47916948795318604,0.6781841516494751,0.4480445384979248,0.6364860534667969,0.5650999546051025,0.8273016214370728,0.6684849858283997,0.13493560254573822,0.2939794957637787
0.5179285407066345,0.7093476057052612,0.07760722935199738,0.4321635961532593,0.3013187050819397,0.5360165238380432,0.11831070482730865,0.10566375404596329,0.10069326311349869,0.35286620259284973,0.23459520936012268,0.718906819820404,0.3208411931991577,0.04838557913899422,0.12556339800357819
0.5371739864349365,0.6088932752609253,0.00539484154433012,0.3534594774246216,0.008369078859686852,0.11413710564374924,0.41761112213134766,0.47845977544784546,0.16712990403175354,0.6427091360092163,0.0835268422961235,0.9345026016235352,0.09042589366436005,0.023234477266669273,0.05350138247013092
0.8263805508613586,0.6601868867874146,0.018765952438116074,0.5601881742477417,0.03479622304439545,0.570686936378479,0.5218182802200317,0.38948920369148254,0.4291192889213562,0.5513920187950134,0.046499721705913544,0.5407968759536743,0.0926910936832428,0.018450187519192696,0.049691107124090195
0.5298933982849121,0.7045340538024902,0.010340552777051926,0.6435005068778992,0.3494359254837036,0.9422347545623779,0.49223825335502625,0.6051977276802063,0.5571408271789551,0.6089659929275513,0.13886602222919464,0.6988459229469299,0.07945606112480164,0.09542825073003769,0.19077779352664948
0.3803471326828003,0.36416324973106384,0.000555464590433985,0.06246701627969742,0.0005489659961313009,0.3119366765022278,0.0004631614137906581,0.0011408212594687939,0.00041801464976742864,0.007001551333814859,0.00453089689835906,0.003697306616231799,0.002161175012588501,0.0005099611007608473,0.0346904881298542
0.36581867933273315,0.6324490308761597,0.003896761918440461,0.4299120604991913,0.07834342122077942,0.715541660785675,0.013719332404434681,0.11379767209291458,0.0017394182505086064,0.41295480728149414,0.10677347332239151,0.6008995771408081,0.23991160094738007,0.007737255655229092,0.17153285443782806
0.004790417850017548,0.2986322343349457,0.0004803061601705849,0.04904928803443909,0.0018827776657417417,0.012736226432025433,0.0006289725424721837,0.0021928076166659594,0.0003605180245358497,0.002517305314540863,0.0073316930793225765,0.005450699012726545,0.003808652749285102,0.0005394318141043186,0.03418448939919472
0.3765980005264282,0.49397212266921997,0.05403849855065346,0.40600651502609253,0.09679470211267471,0.5756041407585144,0.5223161578178406,0.644126296043396,0.6123024821281433,0.5061338543891907,0.05865924805402756,0.7094780206680298,0.18160785734653473,0.07014865428209305,0.12210379540920258
0.5105924606323242,0.318583607673645,0.0034792362712323666,0.0516623854637146,0.003481255378574133,0.035163380205631256,0.012067667208611965,0.5613755583763123,0.3643454611301422,0.5895402431488037,0.017699941992759705,0.009310906752943993,0.00844565685838461,0.0014787446707487106,0.036077458411455154
0.7769712805747986,0.5429345965385437,0.06099929288029671,0.6695013642311096,0.011379295960068703,0.31543946266174316,0.08543629944324493,0.8411739468574524,0.5058102011680603,0.7156198024749756,0.07174177467823029,0.21705564856529236,0.10043463855981827,0.03618694469332695,0.05111716687679291
0.9578211307525635,0.8004525899887085,0.013790111057460308,0.5075738430023193,0.11517089605331421,0.5377629995346069,0.3481625020503998,0.4455917775630951,0.2744719386100769,0.3976970613002777,0.18979884684085846,0.5771795511245728,0.5316876769065857,0.04977705329656601,0.16161766648292542
0.027942312881350517,0.7806320786476135,0.002692454494535923,0.7472489476203918,0.0032664265017956495,0.029836410656571388,0.0006143005448393524,0.0016040868358686566,0.0008753360016271472,0.016728511080145836,0.018764924257993698,0.2119082361459732,0.09269528836011887,0.0005562212900258601,0.03629561886191368
0.2106347382068634,0.4979609549045563,0.011277652345597744,0.5879814028739929,0.07951091974973679,0.7113372683525085,0.19832080602645874,0.387111634016037,0.6349106431007385,0.5730563998222351,0.07731697708368301,0.25483670830726624,0.942467451095581,0.013641507364809513,0.024137435480952263
0.6241456866264343,0.5695122480392456,0.19108740985393524,0.4219907522201538,0.20629724860191345,0.5396243929862976,0.5506588220596313,0.7706157565116882,0.2188156247138977,0.49901747703552246,0.2558722496032715,0.6752751469612122,0.8130393028259277,0.09780598431825638,0.07123975455760956
0.6788163185119629,0.4122406542301178,0.15989643335342407,0.16940610110759735,0.15344253182411194,0.13540098071098328,0.11727410554885864,0.2895399034023285,0.08227406442165375,0.29679247736930847,0.15721896290779114,0.32991576194763184,0.8378366827964783,0.019892647862434387,0.37257814407348633
0.8810864686965942,0.5767924189567566,0.1921928972005844,0.30812832713127136,0.024622958153486252,0.09110148251056671,0.17282263934612274,0.44320744276046753,0.30882853269577026,0.3443584740161896,0.20215462148189545,0.16687187552452087,0.5002275705337524,0.04552285000681877,0.03911459073424339
0.36598849296569824,0.6560578942298889,0.04619796201586723,0.4315789043903351,0.14883677661418915,0.5221753120422363,0.20545949041843414,0.2932700514793396,0.003674542997032404,0.38089266419410706,0.11720119416713715,0.24491149187088013,0.7961515784263611,0.016673147678375244,0.04577856510877609
0.8800814151763916,0.7767723798751831,0.37218135595321655,0.6806238293647766,0.45727041363716125,0.6479872465133667,0.7353780269622803,0.6540595889091492,0.3116641938686371,0.6470726132392883,0.3865034580230713,0.8097272515296936,0.886884331703186,0.13403061032295227,0.12718799710273743
0.7392246723175049,0.7377223372459412,0.35928553342819214,0.4379822611808777,0.24133022129535675,0.37567028403282166,0.4228910207748413,0.6853253245353699,0.03477055951952934,0.5769690275192261,0.38805535435676575,0.7494734525680542,0.967657744884491,0.05692816898226738,0.18987376987934113
0.09660715609788895,0.42654159665107727,0.004927999339997768,0.5473873019218445,0.0505559928715229,0.42868751287460327,0.37424954771995544,0.5562540888786316,0.4366370439529419,0.38780927658081055,0.14852923154830933,0.2841299772262573,0.9174126386642456,0.07805977016687393,0.02963794767856598
0.65447598695755,0.691087543964386,0.2450692355632782,0.7418482303619385,0.4370480477809906,0.4329424798488617,0.33715665340423584,0.8230926394462585,0.3490558862686157,0.5853581428527832,0.27963483333587646,0.7624577283859253,0.5432243943214417,0.05584665760397911,0.09963683784008026
0.6727181673049927,0.47989019751548767,0.4015841782093048,0.7534959316253662,0.37601858377456665,0.29411500692367554,0.3806489408016205,0.500841498374939,0.5068344473838806,0.5045467615127563,0.27933329343795776,0.7002285122871399,0.5770751237869263,0.09942171722650528,0.04955025762319565
0.00048342181253246963,0.053427863866090775,0.00011535476369317621,0.0014399861684069037,0.0010968142887577415,0.04414856433868408,0.00035839545307680964,0.0017064795829355717,3.545981235220097e-05,0.0008922465494833887,0.0013398249866440892,0.0018966984935104847,0.0027967477217316628,0.00024126697098836303,0.0030432071071118116
0.01040333416312933,0.2069864720106125,0.00013457960449159145,0.007287909276783466,0.0015373507048934698,0.5449580550193787,0.00016311396029777825,0.000613847398199141,0.33777186274528503,0.006889654323458672,0.0025488638784736395,0.0058603365905582905,0.005209346767514944,0.0005974714295007288,0.01904902048408985
0.018628036603331566,0.4559231400489807,0.00022164771507959813,0.0035120437387377024,0.0003955709398724139,0.1447276622056961,0.00013935344759374857,0.00029852299485355616,4.19343778048642e-05,0.0005277828313410282,0.0019349989015609026,0.0013880132464691997,0.0008949721814133227,0.00012325927673373371,0.002258030930534005
0.6847501397132874,0.6831465363502502,0.49565380811691284,0.8281129002571106,0.5318983793258667,0.43322446942329407,0.30479541420936584,0.5840395092964172,0.4205261468887329,0.5526331067085266,0.378116637468338,0.43290936946868896,0.42541882395744324,0.05874008685350418,0.13390657305717468
0.049821507185697556,0.2606070935726166,0.004796113818883896,0.0422431044280529,0.008876660838723183,0.2946714460849762,0.002264429582282901,0.00977689865976572,6.258871144382283e-05,0.08849278092384338,0.05630488693714142,0.7314369082450867,0.28303220868110657,0.0017118895193561912,0.02252216823399067
0.6767947673797607,0.7209233045578003,0.6224464774131775,0.711223840713501,0.37684890627861023,0.4868570864200592,0.41953369975090027,0.6034155488014221,0.39783933758735657,0.6363549828529358,0.70438551902771,0.9180364608764648,0.6577361226081848,0.0849037617444992,0.17756406962871552
0.987106204032898,0.7259711623191833,0.39003780484199524,0.22964100539684296,0.00022134625760372728,0.26994237303733826,0.01194079127162695,0.10014747083187103,0.0005532942013815045,0.15424923598766327,0.16167742013931274,0.4730052649974823,0.05175662040710449,0.005301837343722582,0.08032382279634476
0.009178771637380123,0.32685577869415283,0.7744548320770264,0.018389806151390076,0.0007759896107017994,0.05198545381426811,0.003911101259291172,0.0129809295758605,6.369841139530763e-05,0.1088344007730484,0.13034895062446594,0.22734661400318146,0.00915305595844984,0.002946032676845789,0.023410754278302193
0.6189001202583313,0.6992312073707581,0.026477327570319176,0.05759655311703682,0.008446683175861835,0.7533272504806519,0.022155867889523506,0.25202760100364685,0.003714468330144882,0.22290198504924774,0.018625972792506218,0.24314063787460327,0.35641205310821533,0.19526763260364532,0.023610396310687065
0.8094141483306885,0.7915963530540466,0.022817550227046013,0.3122568130493164,0.034796230494976044,0.8702799677848816,0.031911954283714294,0.23386533558368683,0.0016476321034133434,0.42624664306640625,0.12003502249717712,0.3364149034023285,0.5027525424957275,0.09128563106060028,0.076877161860466
0.48729395866394043,0.3185659945011139,0.016432207077741623,0.024659620597958565,0.0037808087654411793,0.09077530354261398,0.011410885490477085,0.14955957233905792,0.0008063864661380649,0.1914687603712082,0.008395224809646606,0.04934413731098175,0.04632803052663803,0.020105799660086632,0.10355229675769806
0.7403221130371094,0.507698655128479,0.42996007204055786,0.5824092030525208,0.6158398985862732,0.5255177617073059,0.7121598720550537,0.6181395649909973,0.49820035696029663,0.37858515977859497,0.22606010735034943,0.5281379818916321,0.7307373285293579,0.07815416157245636,0.1312631219625473
0.8180223107337952,0.7132830023765564,0.1548411250114441,0.15783457458019257,0.012485193088650703,0.8720735311508179,0.005925822537392378,0.8111560940742493,0.3466755747795105,0.5963159203529358,0.18391269445419312,0.34310629963874817,0.14345790445804596,0.016038687899708748,0.052705761045217514
0.8927414417266846,0.8508361577987671,0.15500859916210175,0.405491441488266,0.2849721908569336,0.6679415702819824,0.5941087603569031,0.787605345249176,0.011938968673348427,0.7534653544425964,0.4007048010826111,0.7584421038627625,0.9420715570449829,0.06254686415195465,0.25003260374069214
0.8286061882972717,0.8272527456283569,0.15737316012382507,0.7759400010108948,0.8823471069335938,0.5101932287216187,0.8173995614051819,0.7747395038604736,0.4857487380504608,0.6509578824043274,0.5341991186141968,0.9543401002883911,0.9237226247787476,0.059898652136325836,0.05946268513798714
0.8431660532951355,0.7629947066307068,0.2021847367286682,0.6565070748329163,0.36375007033348083,0.5571079850196838,0.2685824930667877,0.9008204936981201,0.5220786333084106,0.7020654678344727,0.3035425841808319,0.7405018210411072,0.981028139591217,0.06943847984075546,0.1140771210193634
0.757602870464325,0.464150607585907,0.25531017780303955,0.23149502277374268,0.17630033195018768,0.10585261881351471,0.6402996778488159,0.875199556350708,0.17375946044921875,0.8534942269325256,0.3042373061180115,0.6757006049156189,0.7000170350074768,0.11812742799520493,0.17127591371536255
0.5727312564849854,0.4117908775806427,0.019115319475531578,0.21485741436481476,0.875074028968811,0.39121028780937195,0.3686510920524597,0.31452155113220215,0.009255829267203808,0.26983121037483215,0.05012911558151245,0.07141563296318054,0.14986847341060638,0.06557577848434448,0.03764090687036514
0.7833389639854431,0.653200626373291,0.08285290747880936,0.35206863284111023,0.4316233694553375,0.45054879784584045,0.31283262372016907,0.8159268498420715,0.0012639747001230717,0.3346805274486542,0.12527719140052795,0.580239474773407,0.7566113471984863,0.09310098737478256,0.11177265644073486
0.8790314197540283,0.6564627885818481,0.029849998652935028,0.10417335480451584,0.020248202607035637,0.7546377778053284,0.011499094776809216,0.07712103426456451,0.0008085276349447668,0.07667355984449387,0.029723824933171272,0.16688673198223114,0.22058922052383423,0.033956293016672134,0.16314184665679932
0.888128936290741,0.6062909960746765,0.009949702769517899,0.0432620607316494,0.004189492668956518,0.3919360041618347,0.0036593612749129534,0.05311504751443863,0.0007075633620843291,0.06043819338083267,0.029869893565773964,0.03551928699016571,0.042512197047472,0.002244593808427453,0.10283741354942322
0.9773502349853516,0.4884071946144104,0.02481941133737564,0.33015012741088867,0.04758602753281593,0.657808244228363,0.11134447157382965,0.13398174941539764,0.17829877138137817,0.42159605026245117,0.06925824284553528,0.2453828603029251,0.15670254826545715,0.007169333752244711,0.06178608164191246
0.6582011580467224,0.5641113519668579,0.10410209745168686,0.282725989818573,0.7672090530395508,0.65654456615448,0.807979941368103,0.9197153449058533,0.002182180993258953,0.46595385670661926,0.18620841205120087,0.5761938691139221,0.6042946577072144,0.046962443739175797,0.08764003217220306
0.8183574080467224,0.5468198657035828,0.13074518740177155,0.2221117913722992,0.05890525504946709,0.20231284201145172,0.07563547044992447,0.33401259779930115,0.0146074453368783,0.22951553761959076,0.07106899470090866,0.16829311847686768,0.30571895837783813,0.02983553521335125,0.11033892631530762
0.9122121334075928,0.620711088180542,0.197926864027977,0.44086697697639465,0.2151104211807251,0.46816787123680115,0.4988178014755249,0.8003199100494385,0.387876957654953,0.6723133325576782,0.3919347822666168,0.699748158454895,0.7645565271377563,0.1632397323846817,0.07157476991415024
0.6289567351341248,0.5378395318984985,0.0006961484905332327,0.02628062106668949,0.0006181418430060148,0.07098528742790222,0.00034017072175629437,0.004777011927217245,0.00012767600128427148,0.01575964130461216,0.006205765530467033,0.004879821557551622,0.014188701286911964,0.0006562263006344438,0.05057404562830925
0.8430091142654419,0.744080662727356,0.002326422370970249,0.49924248456954956,0.0024011507630348206,0.9306410551071167,0.0006125633371993899,0.0442553274333477,0.02343847043812275,0.4522942006587982,0.02696368657052517,0.019315926358103752,0.1373680979013443,0.008037298917770386,0.05788199603557587
0.7415255904197693,0.5072599053382874,0.21394743025302887,0.6543310284614563,0.5876137018203735,0.488595575094223,0.6294602751731873,0.6359578967094421,0.23442867398262024,0.4773191809654236,0.4296415448188782,0.48720988631248474,0.5132459402084351,0.062356606125831604,0.1790071427822113
0.8729551434516907,0.5070003271102905,0.06846921890974045,0.2496800273656845,0.016401151195168495,0.7623047232627869,0.003676986088976264,0.13609038293361664,0.022739145904779434,0.3091003894805908,0.10067209601402283,0.4995274841785431,0.31062719225883484,0.15228798985481262,0.11900496482849121
0.8290177583694458,0.7262322306632996,0.18335452675819397,0.4168391823768616,0.036725182086229324,0.6315101981163025,0.04282142221927643,0.8262245655059814,0.7780144214630127,0.7277951836585999,0.20109276473522186,0.4710187017917633,0.22590787708759308,0.02985813096165657,0.09330753237009048
0.3019256293773651,0.6218874454498291,0.009527325630187988,0.14671018719673157,0.016088148579001427,0.4263554513454437,0.0024061333388090134,0.07701654732227325,0.0021898497361689806,0.4203680753707886,0.17473243176937103,0.5143567323684692,0.33111098408699036,0.01916363090276718,0.06940142810344696
0.3114304542541504,0.7367626428604126,0.04305301234126091,0.12021542340517044,0.008953544311225414,0.08850055932998657,0.0045921774581074715,0.02766430377960205,0.19660384953022003,0.17308630049228668,0.17006410658359528,0.967176616191864,0.9299306273460388,0.0028588096611201763,0.0634714663028717
0.9526461362838745,0.6592464447021484,0.027096357196569443,0.0511929877102375,0.02406560443341732,0.1436573565006256,0.012432700954377651,0.011326153762638569,0.0032232962548732758,0.07148578017950058,0.10417655855417252,0.2604143023490906,0.03614374250173569,0.006831583101302385,0.05683634430170059
0.2405724972486496,0.699736475944519,0.02441553585231304,0.04695257544517517,0.003307549050077796,0.5517895221710205,0.004741059150546789,0.02036183699965477,0.00024218457110691816,0.012131431140005589,0.03832158073782921,0.3538178503513336,0.08250327408313751,0.0054992311634123325,0.06203443929553032
0.7476190328598022,0.7273461818695068,0.026430198922753334,0.11527207493782043,0.03445830196142197,0.5749209523200989,0.007277384400367737,0.7370164394378662,0.00129916169680655,0.17498023808002472,0.03517846018075943,0.2831248641014099,0.5113560557365417,0.1192331463098526,0.20750467479228973
0.6228194832801819,0.6404768824577332,0.0889262855052948,0.2643439471721649,0.0837450698018074,0.15842419862747192,0.03729304298758507,0.6004589796066284,0.02913016267120838,0.4435397982597351,0.05919889733195305,0.3108930289745331,0.17326563596725464,0.026051513850688934,0.16019338369369507
0.29125717282295227,0.6461113095283508,0.806171178817749,0.2564702033996582,0.017634591087698936,0.1931208223104477,0.01443843450397253,0.6972522735595703,0.8867977261543274,0.39819931983947754,0.29873180389404297,0.28472593426704407,0.032628241926431656,0.008776497095823288,0.032284270972013474
0.4281189441680908,0.6464314460754395,0.1959136426448822,0.5120627880096436,0.49164876341819763,0.541886568069458,0.6359840035438538,0.7155364751815796,0.6370794773101807,0.7328051924705505,0.31272053718566895,0.553027331829071,0.4215070605278015,0.1259024739265442,0.0532018318772316
0.9940758943557739,0.640612006187439,0.001129134208895266,0.005136710591614246,0.014552855864167213,0.8015408515930176,0.0031882727053016424,0.012712175957858562,0.0005634494591504335,0.3035893440246582,0.01662268675863743,0.8245647549629211,0.012757526710629463,0.01250027772039175,0.01054905541241169
0.9618189930915833,0.7589533925056458,0.027811385691165924,0.3514465093612671,0.043158140033483505,0.8576529622077942,0.2454610913991928,0.29267069697380066,0.0015821902779862285,0.2942397892475128,0.11601242423057556,0.37909430265426636,0.7802979946136475,0.04819798097014427,0.14284060895442963
0.9451169371604919,0.6384068131446838,0.031500194221735,0.15324902534484863,0.02588176354765892,0.7262636423110962,0.031170077621936798,0.25051382184028625,0.0017930445028468966,0.14895838499069214,0.08783254027366638,0.1655929982662201,0.12590184807777405,0.04140763357281685,0.10106699168682098
0.8361811637878418,0.7259572744369507,0.0021393031347543,0.007940210402011871,0.0005233448464423418,0.643081784248352,0.0019096250180155039,0.2372904270887375,3.39796970365569e-05,0.04009838402271271,0.011447054333984852,0.04289428889751434,0.08758474886417389,0.0056738294661045074,0.13135100901126862
0.9039718508720398,0.5479013919830322,0.06451416015625,0.1606878638267517,0.01177267823368311,0.10404901951551437,0.10711166262626648,0.14399315416812897,0.1846674382686615,0.3373335897922516,0.1773647964000702,0.15900884568691254,0.1198471412062645,0.006116172764450312,0.04615822061896324
0.8093823790550232,0.9405191540718079,0.04201208055019379,0.24978099763393402,0.010609311051666737,0.8098986744880676,0.03832736611366272,0.320392370223999,0.00184609554708004,0.5560333132743835,0.06780413538217545,0.20445840060710907,0.05593458563089371,0.023762203752994537,0.07597289234399796
0.8953009843826294,0.5446659326553345,0.01548852026462555,0.11469235271215439,0.004683989100158215,0.1524508148431778,0.0016295280074700713,0.15901486575603485,0.0005890837055630982,0.10687869787216187,0.03188391774892807,0.013009064830839634,0.017189277336001396,0.006534932181239128,0.04799172654747963
0.9769786596298218,0.7905940413475037,0.0565062053501606,0.19316670298576355,0.005121755879372358,0.8305760622024536,0.0018530895467847586,0.07192197442054749,0.0069045210257172585,0.7650790810585022,0.024595139548182487,0.10919614136219025,0.14322079718112946,0.026985054835677147,0.047641463577747345
0.955646812915802,0.8392255902290344,0.07285643368959427,0.4388403594493866,0.009210719726979733,0.2071780562400818,0.034513529390096664,0.17406585812568665,0.10784027725458145,0.742408812046051,0.223916158080101,0.14116758108139038,0.047627273947000504,0.014718804508447647,0.04994768649339676
0.9658937454223633,0.6503061056137085,0.022878648713231087,0.08219737559556961,0.0064932857640087605,0.20067653059959412,0.06901194900274277,0.22101566195487976,0.010454490780830383,0.4197063148021698,0.04757159948348999,0.07981081306934357,0.0368255190551281,0.005692433565855026,0.05013637989759445
0.6905536651611328,0.5627355575561523,0.011191016063094139,0.053772084414958954,0.0022064277436584234,0.40953704714775085,0.0024254301097244024,0.05603470280766487,0.0005052845808677375,0.07183405011892319,0.015860233455896378,0.01442587561905384,0.033433593809604645,0.004664823412895203,0.07740525901317596
0.7875598669052124,0.5208878517150879,0.005544858518987894,0.0859697014093399,0.003753070719540119,0.03368530794978142,0.0015537190483883023,0.013405108824372292,0.0002826967975124717,0.05343218147754669,0.03231006860733032,0.06046586111187935,0.006832194980233908,0.040041860193014145,0.042985618114471436
0.8168982863426208,0.7461349368095398,0.005746868904680014,0.14067420363426208,0.01631387136876583,0.10364918410778046,0.01138211041688919,0.03674432262778282,0.0002474108478054404,0.22086647152900696,0.01614587940275669,0.42904385924339294,0.02085457183420658,0.005126141011714935,0.07635638117790222
0.8271250128746033,0.8200860619544983,0.11435619741678238,0.31115251779556274,0.08412089198827744,0.3855481445789337,0.04631192609667778,0.285051554441452,0.06435247510671616,0.7363991737365723,0.17521673440933228,0.5636816024780273,0.4094316065311432,0.023891394957900047,0.5560734868049622
0.21093551814556122,0.4512593448162079,0.017843419685959816,0.19928164780139923,0.016580892726778984,0.016643859446048737,0.009421437047421932,0.0345073901116848,0.0018007917096838355,0.12152162939310074,0.14829155802726746,0.5882485508918762,0.26798489689826965,0.0031700192485004663,0.034026503562927246
0.06816833466291428,0.5115718245506287,0.003385445335879922,0.022332509979605675,0.0035569716710597277,0.1807040274143219,0.0032472971361130476,0.04638008400797844,0.00048463052371516824,0.10427116602659225,0.012259727343916893,0.9739856719970703,0.9483804106712341,0.0023749289102852345,0.026494774967432022
0.7915998697280884,0.8440650701522827,0.5041234493255615,0.6887297034263611,0.3866744339466095,0.3172397017478943,0.40214115381240845,0.7946231365203857,0.27194100618362427,0.6855374574661255,0.3813387155532837,0.7585653066635132,0.5555808544158936,0.08134841173887253,0.1803494244813919
0.5798377394676208,0.5353237390518188,0.18715152144432068,0.5318800806999207,0.19234740734100342,0.39748385548591614,0.24417813122272491,0.49564146995544434,0.05612737312912941,0.6086456179618835,0.4117675721645355,0.7819803357124329,0.7755506038665771,0.10360110551118851,0.14285314083099365
0.08647298067808151,0.5894688963890076,0.014118427410721779,0.31012284755706787,0.033919692039489746,0.16698141396045685,0.3104870915412903,0.41814833879470825,0.19783399999141693,0.45729362964630127,0.20834775269031525,0.291374534368515,0.9196294546127319,0.02891109697520733,0.07166992872953415
0.3492354154586792,0.4302431344985962,0.037544406950473785,0.44615668058395386,0.05469831824302673,0.010830988176167011,0.048961274325847626,0.8164291381835938,0.04048632085323334,0.6683936715126038,0.16894766688346863,0.5569356083869934,0.45683032274246216,0.01578834466636181,0.2061971127986908
0.6493684649467468,0.5641985535621643,0.36281007528305054,0.6207201480865479,0.2905524969100952,0.40945494174957275,0.30301937460899353,0.6394157409667969,0.30111339688301086,0.5269238948822021,0.29137101769447327,0.7968739867210388,0.7033406496047974,0.026559583842754364,0.1350979059934616
0.2181580811738968,0.3848104476928711,0.00808680709451437,0.061102431267499924,0.003596497932448983,0.17363590002059937,0.0013808893272653222,0.09311483800411224,0.0011060591787099838,0.2840856611728668,0.06610247492790222,0.919166088104248,0.12717723846435547,0.0028651361353695393,0.05710341036319733
0.5811837315559387,0.6870946884155273,0.3270361125469208,0.4996018409729004,0.3235456943511963,0.2899812161922455,0.4105900228023529,0.46077439188957214,0.37528151273727417,0.6475168466567993,0.7270377278327942,0.6158916354179382,0.29786983132362366,0.05808068811893463,0.042318858206272125
0.6119888424873352,0.8498680591583252,0.04092852771282196,0.2991763949394226,0.1512497067451477,0.4581816792488098,0.03254469856619835,0.5968916416168213,0.0004956342163495719,0.35942935943603516,0.506655752658844,0.9932141304016113,0.8330759406089783,0.04971209540963173,0.13595634698867798
0.730060338973999,0.7082819938659668,0.12080099433660507,0.3957209587097168,0.09698913246393204,0.1689266413450241,0.04434281587600708,0.5185277462005615,0.0028791995719075203,0.4511354863643646,0.2898414134979248,0.740876317024231,0.5680762529373169,0.05266408622264862,0.1826065629720688
0.7009316682815552,0.8311493992805481,0.007680699694901705,0.051634278148412704,0.0009649968123994768,0.026031186804175377,0.0018513844115659595,0.018516194075345993,0.0037772750947624445,0.10958445072174072,0.01168504822999239,0.02472393959760666,0.042845990508794785,0.004337634891271591,0.06433043628931046
0.5166388154029846,0.7249831557273865,0.014108560979366302,0.018739216029644012,0.0009715409250929952,0.0659928172826767,0.0010407192166894674,0.01945166476070881,0.00024559765006415546,0.07127227634191513,0.010735640302300453,0.009931374341249466,0.010101736523211002,0.005172025877982378,0.026307735592126846
0.45670852065086365,0.20870976150035858,0.10978302359580994,0.01877729967236519,0.46303585171699524,0.049987491220235825,0.2919667065143585,0.07311194390058517,0.05872050300240517,0.055983226746320724,0.0905219316482544,0.3547200858592987,0.46617937088012695,0.05083032324910164,0.052422087639570236
0.962989866733551,0.7584357261657715,0.03641963005065918,0.15159395337104797,0.005895291920751333,0.3454325199127197,0.0018839775584638119,0.006512142252177,0.0003468574723228812,0.06892766803503036,0.021003760397434235,0.06921092420816422,0.01589212566614151,0.006788738537579775,0.050574563443660736
0.9225895404815674,0.7652875781059265,0.4151904881000519,0.7350959777832031,0.5054444670677185,0.695306122303009,0.7462968826293945,0.761058509349823,0.5551459789276123,0.6406393647193909,0.4281657040119171,0.8149843215942383,0.6450327038764954,0.1536218523979187,0.18409132957458496
0.8739495873451233,0.8179764747619629,0.082039013504982,0.6508795619010925,0.19630266726016998,0.6298699975013733,0.16825002431869507,0.47103819251060486,0.020928645506501198,0.3736785650253296,0.14469188451766968,0.49264609813690186,0.1770773082971573,0.024249160662293434,0.14869378507137299
0.6710942983627319,0.6915623545646667,0.004290483426302671,0.048694245517253876,0.0018483033636584878,0.5522252917289734,0.0014486967120319605,0.08956068009138107,7.1114489401225e-05,0.034403376281261444,0.05380772799253464,0.06800772249698639,0.04070690646767616,0.0012407873291522264,0.0966666117310524
0.9941034317016602,0.8105786442756653,0.04464498162269592,0.3198869824409485,0.016432970762252808,0.8044335246086121,0.049079421907663345,0.11501394957304001,0.0032665524631738663,0.13497523963451385,0.02849714830517769,0.10347390919923782,0.22237882018089294,0.015865972265601158,0.04120014235377312
0.3244045078754425,0.748893141746521,0.0035168020986020565,0.09818746149539948,0.004702557343989611,0.04141600430011749,0.0036782247480005026,0.005904489196836948,0.00022932632418815047,0.12616008520126343,0.05654166266322136,0.04557810351252556,0.014096318744122982,0.0012901653535664082,0.05530082806944847
0.9528557658195496,0.697610080242157,0.04524677246809006,0.18830175697803497,0.0069496482610702515,0.242005854845047,0.0035341510083526373,0.0528908371925354,0.000267719296971336,0.14325563609600067,0.028187744319438934,0.08438005298376083,0.08227617293596268,0.004450669512152672,0.055290140211582184
0.8684120178222656,0.7678368091583252,0.4077942967414856,0.6463069915771484,0.34424835443496704,0.5529935359954834,0.3794063329696655,0.6944137811660767,0.26469796895980835,0.7445259690284729,0.44572913646698,0.7047927975654602,0.5108700394630432,0.0665421411395073,0.15837888419628143
0.9872443079948425,0.7976378798484802,0.15777774155139923,0.25539037585258484,0.021738797426223755,0.14565812051296234,0.026583507657051086,0.18744491040706635,0.021267231553792953,0.4647798538208008,0.08654222637414932,0.22695773839950562,0.09413193166255951,0.00610179640352726,0.11367929726839066
0.018595963716506958,0.047888148576021194,0.0013874697033315897,0.0016598282381892204,0.00022496088058687747,0.018037045374512672,0.00030128753860481083,0.009730665013194084,0.00010201853001490235,0.006051052361726761,0.002485318575054407,0.001423406763933599,0.004558543208986521,0.0006224362878128886,0.009880032390356064
0.306811660528183,0.8332623839378357,0.01591578498482704,0.10020025819540024,0.0010265521705150604,0.2671239376068115,0.0005366351106204093,0.6049008369445801,0.031912364065647125,0.3574642241001129,0.014639735221862793,0.007190128322690725,0.013740552589297295,0.00034052261617034674,0.04982166737318039
0.036885589361190796,0.17316895723342896,0.0026763577479869127,0.013396462425589561,0.0035248894710093737,0.0851595550775528,0.007908827625215054,0.030633287504315376,0.0005628294311463833,0.007784400600939989,0.018110742792487144,0.21527008712291718,0.04938390851020813,0.007614686153829098,0.08413783460855484
0.3873675763607025,0.6734606623649597,0.007784361485391855,0.10065039992332458,0.0026616849936544895,0.023419611155986786,0.0028521001804620028,0.5210304856300354,0.00433903094381094,0.2409709393978119,0.020789287984371185,0.057777829468250275,0.03827901557087898,0.020856279879808426,0.3302365243434906
0.38708558678627014,0.7872204184532166,0.0316866971552372,0.011060931719839573,0.001724048051983118,0.3548455238342285,0.006921438500285149,0.15795926749706268,0.0003302919212728739,0.0344296358525753,0.034682080149650574,0.09433028846979141,0.08080075681209564,0.00758781423792243,0.06281057000160217
0.5155916213989258,0.686225950717926,0.05609457567334175,0.34658485651016235,0.06057784706354141,0.6406551003456116,0.14482955634593964,0.7635968327522278,0.006754808593541384,0.4710807502269745,0.26318928599357605,0.4038483798503876,0.309676855802536,0.033691633492708206,0.0885716900229454
0.7298938035964966,0.7474417686462402,0.4409521520137787,0.7345480918884277,0.5656876564025879,0.6395389437675476,0.45020565390586853,0.8686818480491638,0.3228781521320343,0.6619052886962891,0.47117918729782104,0.7994016408920288,0.7277127504348755,0.10478591173887253,0.2951076924800873
0.8372223973274231,0.8297091126441956,0.4424705505371094,0.7380201816558838,0.49253156781196594,0.7709384560585022,0.45336422324180603,0.7264367938041687,0.4252125918865204,0.7442998290061951,0.6649700999259949,0.8359246850013733,0.8888856172561646,0.1037675142288208,0.26522156596183777
0.6294600367546082,0.7544894814491272,0.06834165751934052,0.2734467089176178,0.1394493281841278,0.7857574224472046,0.2371339499950409,0.31391996145248413,0.007250191178172827,0.6038178205490112,0.09088879823684692,0.44120728969573975,0.4140562117099762,0.01102844811975956,0.12160857766866684
0.3985788822174072,0.19703613221645355,0.19673588871955872,0.12503735721111298,0.03537589684128761,0.02249748446047306,0.04605058208107948,0.10868822783231735,0.05012710019946098,0.3739773631095886,0.08556855469942093,0.4950701594352722,0.3632590174674988,0.04062734916806221,0.06440641731023788
0.13776938617229462,0.6706470251083374,0.27077022194862366,0.6531651616096497,0.7566045522689819,0.3133215606212616,0.4553465247154236,0.5814718008041382,0.05855829268693924,0.7324069738388062,0.7200241684913635,0.7000513076782227,0.3446771204471588,0.012267625890672207,0.11905833333730698
0.849671483039856,0.8701452612876892,0.8180537223815918,0.805173933506012,0.6174240708351135,0.7120588421821594,0.8135542869567871,0.9196314811706543,0.7757064700126648,0.7930655479431152,0.6751751899719238,0.8927998542785645,0.824367105960846,0.3002300262451172,0.5183375477790833
0.9274819493293762,0.6963320970535278,0.09328275173902512,0.205226331949234,0.01982417330145836,0.8082006573677063,0.15689048171043396,0.5308985114097595,0.006626436952501535,0.5504053831100464,0.07667476683855057,0.25291499495506287,0.44930213689804077,0.061948180198669434,0.10773775726556778
0.36863425374031067,0.16590969264507294,0.0058219535276293755,0.28242310881614685,0.15689662098884583,0.25090306997299194,0.01280516479164362,0.11300792545080185,0.0024076795671135187,0.25436562299728394,0.026249820366501808,0.004322828259319067,0.04061576724052429,0.004950182978063822,0.014861744828522205
0.35930952429771423,0.3693148195743561,0.002284617628902197,0.08794011920690536,0.006314454600214958,0.0417296476662159,0.049867525696754456,0.0770346000790596,0.01931009069085121,0.15380702912807465,0.04116478189826012,0.10006096959114075,0.0450393483042717,0.004069436341524124,0.03330118581652641
0.39668145775794983,0.6436562538146973,0.11738669127225876,0.6389765739440918,0.32747262716293335,0.19037404656410217,0.4348626136779785,0.5879501700401306,0.4490865468978882,0.45084279775619507,0.08035605400800705,0.5709053874015808,0.43413230776786804,0.07327427715063095,0.061275139451026917
0.8406715393066406,0.8166563510894775,0.02283676527440548,0.04584672674536705,0.02126714587211609,0.7384101152420044,0.04262159764766693,0.24985207617282867,0.04360261559486389,0.40999218821525574,0.06891155987977982,0.16703884303569794,0.5123531818389893,0.03653829172253609,0.04917244240641594
0.760025143623352,0.7712625861167908,0.029835490509867668,0.12651275098323822,0.0905071571469307,0.8432766199111938,0.14918504655361176,0.46406158804893494,0.010185490362346172,0.7045112252235413,0.07573269307613373,0.44758984446525574,0.6488707661628723,0.007854491472244263,0.11819184571504593
0.9084523916244507,0.7627935409545898,0.1703794151544571,0.3998939096927643,0.3417151868343353,0.5710741281509399,0.5284227728843689,0.720373272895813,0.3995511531829834,0.703960120677948,0.10964580625295639,0.4823027551174164,0.5515594482421875,0.008044240064918995,0.028964875265955925
0.7780483365058899,0.6836004257202148,0.049989838153123856,0.11331997066736221,0.006361448671668768,0.3287189304828644,0.010230989195406437,0.13573330640792847,0.006426801439374685,0.09160584211349487,0.03282976523041725,0.052847761660814285,0.049996886402368546,0.014478812925517559,0.09939587116241455
0.19544769823551178,0.19071295857429504,0.034471552819013596,0.22061026096343994,0.01223069615662098,0.008519299328327179,0.05649181082844734,0.17770132422447205,0.033207967877388,0.18221664428710938,0.05652833729982376,0.03678615763783455,0.1157829537987709,0.003252230817452073,0.02474885806441307
0.0110291363671422,0.28209179639816284,0.0029349743854254484,0.01737881638109684,0.002959207398816943,0.012193604372441769,0.0013525215908885002,0.03065546043217182,0.0002944395237136632,0.013854913413524628,0.01480525080114603,0.12923187017440796,0.02316483110189438,0.005457671359181404,0.18648900091648102
0.7582966685295105,0.51175457239151,0.14904551208019257,0.36103010177612305,0.08558676391839981,0.16285963356494904,0.2639266550540924,0.5382803678512573,0.5049791932106018,0.4488101005554199,0.21627411246299744,0.3031854033470154,0.27580055594444275,0.018586205318570137,0.1426311880350113
0.4300965368747711,0.34200575947761536,0.016837963834404945,0.046884406358003616,0.006078498438000679,0.017392778769135475,0.002325719455257058,0.05823709815740585,0.004240802954882383,0.13873419165611267,0.011996026150882244,0.3698541522026062,0.023618223145604134,0.004007736220955849,0.04454741254448891
0.6020073890686035,0.39772212505340576,0.06793898344039917,0.09140345454216003,0.02009054459631443,0.41778483986854553,0.010156159289181232,0.14292867481708527,0.0034395093098282814,0.08111961930990219,0.09918975085020065,0.19712695479393005,0.09591537714004517,0.013902435079216957,0.09989096969366074
0.2322653979063034,0.43571409583091736,0.21750111877918243,0.4295731782913208,0.2690213918685913,0.13503216207027435,0.18755830824375153,0.33017441630363464,0.29822051525115967,0.48824381828308105,0.27493566274642944,0.6233600974082947,0.2346225529909134,0.017259348183870316,0.06439277529716492
0.35618671774864197,0.6167038083076477,0.003744289977476001,0.018101543188095093,0.003933707717806101,0.42605701088905334,0.0038839897606521845,0.0193035788834095,0.00045805773697793484,0.21881332993507385,0.05444754287600517,0.02875213883817196,0.020039433613419533,0.002650075824931264,0.04089968279004097
0.9502382874488831,0.6196771860122681,0.018600832670927048,0.02820112556219101,0.0019326235633343458,0.21678166091442108,0.014116045087575912,0.224864661693573,0.023399047553539276,0.5131157636642456,0.12732473015785217,0.1934206336736679,0.13355229794979095,0.0030678745824843645,0.07406220585107803
0.8174757957458496,0.5207358598709106,0.01398094929754734,0.020309632644057274,0.0021926246117800474,0.7242576479911804,0.0064070820808410645,0.9265797734260559,0.0006584088550880551,0.16132643818855286,0.027115577831864357,0.184523344039917,0.04207681491971016,0.004787525162100792,0.07840229570865631
0.9088716506958008,0.6889098882675171,0.011134619824588299,0.1226797103881836,0.0038366341032087803,0.2438780665397644,0.004812029656022787,0.03862003609538078,0.0014104187721386552,0.6481757760047913,0.0746709406375885,0.19162192940711975,0.03251008316874504,0.00045186938950791955,0.1341463178396225
0.8739383816719055,0.6777001023292542,0.04600577801465988,0.12343936413526535,0.02059205248951912,0.47472986578941345,0.014696452766656876,0.21075746417045593,0.0010620268294587731,0.2002743035554886,0.04364641010761261,0.49930834770202637,0.19116997718811035,0.0190353374928236,0.08262734860181808
0.5268765687942505,0.5636494159698486,0.007035662420094013,0.05338282138109207,0.009792317636311054,0.12836240231990814,0.0033486790489405394,0.13836456835269928,0.001386178657412529,0.04624289646744728,0.011805552989244461,0.01647964119911194,0.036817602813243866,0.0062577975913882256,0.1263626217842102
0.9026414155960083,0.7541072964668274,0.19377769529819489,0.18252885341644287,0.04523022472858429,0.7403993010520935,0.06449151784181595,0.254690557718277,0.006568019278347492,0.2837107479572296,0.19858580827713013,0.3324049711227417,0.352190226316452,0.010614403523504734,0.19579291343688965
0.7452731728553772,0.6046682596206665,0.3220706582069397,0.8412171602249146,0.37381914258003235,0.40840357542037964,0.3977866470813751,0.7041386365890503,0.5028394460678101,0.5809715986251831,0.31114450097084045,0.7719283699989319,0.5856380462646484,0.1702541559934616,0.04784886911511421
0.8948484063148499,0.4887251555919647,0.024243876338005066,0.18616853654384613,0.03152298182249069,0.647617757320404,0.5896015167236328,0.28532809019088745,0.01577216386795044,0.49606356024742126,0.09287374466657639,0.1960647702217102,0.29272910952568054,0.016024954617023468,0.12581117451190948
0.6633070707321167,0.5379045009613037,0.23313526809215546,0.5920225381851196,0.5433140397071838,0.7287634611129761,0.8143865466117859,0.5615056157112122,0.21509775519371033,0.47468945384025574,0.16006848216056824,0.41528376936912537,0.5423753261566162,0.024278350174427032,0.053117264062166214
0.805158257484436,0.35004690289497375,0.21287992596626282,0.6445858478546143,0.5455376505851746,0.6101127862930298,0.8945843577384949,0.5419944524765015,0.04520270228385925,0.3658144176006317,0.18468762934207916,0.4246983528137207,0.5984631180763245,0.05681832879781723,0.0853353887796402
0.9165908098220825,0.77660071849823,0.06609076261520386,0.09097268432378769,0.018451958894729614,0.5956123471260071,0.006097134668380022,0.2904081344604492,0.001900611910969019,0.286060094833374,0.058918580412864685,0.0666532963514328,0.07746203988790512,0.01921849697828293,0.11422690004110336
0.89259934425354,0.6406161785125732,0.0451078899204731,0.0810994878411293,0.0038327949587255716,0.10275072604417801,0.0018375280778855085,0.044948358088731766,0.0005525703309103847,0.09014543145895004,0.03805353119969368,0.02958860993385315,0.06148618087172508,0.010082686319947243,0.0824812799692154
0.8667592406272888,0.5325072407722473,0.01599024049937725,0.10835705697536469,0.006076648365706205,0.13526606559753418,0.00262477551586926,0.07936062663793564,0.00026257813442498446,0.2290686070919037,0.018891820684075356,0.07000362873077393,0.1598208099603653,0.1833924800157547,0.04417067766189575
0.5504644513130188,0.4612169563770294,0.02564794011414051,0.10070504993200302,0.006868534255772829,0.7033806443214417,0.0024955885019153357,0.27494797110557556,0.0018972726538777351,0.06360959261655807,0.029930459335446358,0.5172425508499146,0.12013103812932968,0.02450430952012539,0.0469723604619503
0.6590462923049927,0.3834030032157898,0.01959391124546528,0.041390977799892426,0.0035429971758276224,0.36805737018585205,0.005080926697701216,0.028991982340812683,0.00019753297965507954,0.02648933418095112,0.016283821314573288,0.12322062253952026,0.04745354503393173,0.0076253111474215984,0.05474023520946503
0.7584067583084106,0.7351211309432983,0.1356046497821808,0.028522567823529243,0.017968449741601944,0.7844149470329285,0.034612271934747696,0.471954882144928,0.0002896395162679255,0.16925731301307678,0.0523664690554142,0.4757401943206787,0.18908315896987915,0.01975998841226101,0.06500714272260666
0.7958400249481201,0.6477192640304565,0.5235943794250488,0.8050567507743835,0.3960668444633484,0.36167168617248535,0.3416377007961273,0.7091022729873657,0.45835813879966736,0.5498895049095154,0.3080717921257019,0.3138526976108551,0.3911396861076355,0.04687000438570976,0.2783372700214386
0.5435006022453308,0.42695504426956177,0.01799154095351696,0.01550663448870182,0.002361974911764264,0.06320872157812119,0.009515331126749516,0.04243368282914162,6.142188794910908e-05,0.1157756969332695,0.02291475236415863,0.05771768465638161,0.04020068049430847,0.0034299343824386597,0.07453671842813492
0.8831618428230286,0.527144193649292,0.01880812831223011,0.011908533982932568,0.002233535051345825,0.6294757723808289,0.013386696577072144,0.2358524352312088,0.00014702945190947503,0.08572740107774734,0.04418095573782921,0.4029809534549713,0.10810814052820206,0.09385205060243607,0.027170496061444283
0.8423447012901306,0.5942927002906799,0.03538661077618599,0.008162656798958778,0.0019881874322891235,0.6087005138397217,0.011773167178034782,0.061195097863674164,0.0012105879141017795,0.09143837541341782,0.013706683181226254,0.02104073576629162,0.04494533687829971,0.0657031461596489,0.03556887060403824
0.6676540374755859,0.7631784677505493,0.005706855561584234,0.0013254046207293868,0.0003797314711846411,0.4516787827014923,0.00014419652870856225,0.00028471488622017205,8.166475890902802e-05,0.01585078053176403,0.027062488719820976,0.011254291981458664,0.006555055733770132,0.0008050582837313414,0.48425841331481934
0.9245153069496155,0.8437532186508179,0.12858261168003082,0.13126511871814728,0.0029351694975048304,0.17227236926555634,0.0029374980367720127,0.10816040635108948,0.0007808780646882951,0.3687514662742615,0.0677829161286354,0.22876650094985962,0.06114014983177185,0.009515236131846905,0.12076440453529358
0.8448501229286194,0.7880485653877258,0.23084573447704315,0.5970686078071594,0.1851239800453186,0.5767441987991333,0.7823649048805237,0.9439098238945007,0.19409580528736115,0.7019084692001343,0.8551927208900452,0.10476873815059662,0.6797180771827698,0.06341461092233658,0.09938672184944153
0.8784220218658447,0.6484334468841553,0.00418877275660634,0.041208233684301376,0.001731433323584497,0.10575097799301147,0.0007538811187259853,0.006662188563495874,0.00016167486319318414,0.3760302662849426,0.03792501986026764,0.01216810941696167,0.01324546616524458,0.0003511071263346821,0.14491339027881622
0.897818386554718,0.7964296340942383,0.02798181027173996,0.8628536462783813,0.0007867770618759096,0.1651930809020996,0.0006081730243749917,0.05889500305056572,0.000172322615981102,0.5281541347503662,0.09287713468074799,0.17315365374088287,0.006595597602427006,0.005774349439889193,0.12084577232599258
0.5830178260803223,0.6351912021636963,0.04405057802796364,0.08968334645032883,0.006109441630542278,0.09372464567422867,0.001147469854913652,0.025700939819216728,0.04434667155146599,0.4666365385055542,0.15183912217617035,0.5987903475761414,0.026794185861945152,0.0059768809005618095,0.3740593492984772
0.01825663074851036,0.013856260105967522,0.018808452412486076,0.003217696212232113,0.0005756233003921807,0.0015643973601981997,0.00033870269544422626,0.002153177047148347,0.00016018097812775522,0.022389894351363182,0.3102860152721405,0.0021691364236176014,0.0034357071854174137,0.0005847809370607138,0.10065681487321854
0.2766006588935852,0.6326168775558472,0.12685883045196533,0.27952829003334045,0.010733884759247303,0.04355012997984886,0.007446421310305595,0.03876370191574097,0.0005004728445783257,0.6434018611907959,0.15612581372261047,0.06747118383646011,0.0077537293545901775,0.011769109405577183,0.07442831248044968
0.6733116507530212,0.7247823476791382,0.23290470242500305,0.21359051764011383,0.02034991793334484,0.07196642458438873,0.3937937319278717,0.49579256772994995,0.023553986102342606,0.557252049446106,0.09107974916696548,0.10249438136816025,0.15999287366867065,0.04308132454752922,0.14676009118556976
0.26655030250549316,0.5707066655158997,0.10216870903968811,0.20591920614242554,0.00756197702139616,0.014405024237930775,0.1610163301229477,0.3048524856567383,0.014238732866942883,0.2112768292427063,0.04273252189159393,0.012325258925557137,0.028508981689810753,0.015219035558402538,0.07457983493804932
0.6523622870445251,0.7366487383842468,0.7198354601860046,0.7298031449317932,0.6814591288566589,0.47694361209869385,0.33090612292289734,0.6795989274978638,0.3064834475517273,0.7986953854560852,0.5110154747962952,0.8114506006240845,0.6351456642150879,0.047151170670986176,0.13988542556762695
0.7521466016769409,0.7294753193855286,0.7192065715789795,0.6554313898086548,0.4652707874774933,0.552320122718811,0.8146324753761292,0.7692192792892456,0.5152704119682312,0.7445217370986938,0.32103297114372253,0.8001554012298584,0.6809800863265991,0.22586393356323242,0.008475790731608868
0.9236751794815063,0.8409774303436279,0.17548391222953796,0.19927822053432465,0.017053762450814247,0.10476918518543243,0.657749354839325,0.5683934688568115,0.0020977293606847525,0.6167736649513245,0.20369835197925568,0.3840116560459137,0.5090022683143616,0.04394286498427391,0.1451515108346939
0.39270561933517456,0.4100932776927948,0.23550137877464294,0.08061770349740982,0.02586507610976696,0.10165505856275558,0.42631688714027405,0.5167652368545532,0.053139254450798035,0.607807457447052,0.10589469969272614,0.28900203108787537,0.30039915442466736,0.0522184856235981,0.05683533102273941
0.532450795173645,0.12099391967058182,0.0019595033954828978,0.0044866581447422504,0.002331519266590476,0.011789562180638313,0.14909343421459198,0.2098557949066162,0.0626702681183815,0.304830402135849,0.0075514898635447025,0.015160085633397102,0.037873972207307816,0.042904745787382126,0.017584022134542465
0.6245072484016418,0.08970504254102707,0.35339775681495667,0.26617002487182617,0.021344764158129692,0.3655508756637573,0.7179545164108276,0.30273017287254333,0.005700357723981142,0.33247485756874084,0.21798419952392578,0.09720457345247269,0.14036397635936737,0.0165550597012043,0.09741782397031784
0.7402669787406921,0.5105287432670593,0.5552451610565186,0.16471345722675323,0.24184975028038025,0.4015685021877289,0.47241833806037903,0.6404159069061279,0.21807967126369476,0.6065448522567749,0.42827028036117554,0.8092930316925049,0.8100059032440186,0.12022873759269714,0.12722143530845642
0.9150428175926208,0.67852783203125,0.4344938397407532,0.22702190279960632,0.15595947206020355,0.2927365303039551,0.41737645864486694,0.6576158404350281,0.04763517901301384,0.8643304109573364,0.23239870369434357,0.6975694298744202,0.6894639134407043,0.06139487773180008,0.09976456314325333
0.9152097702026367,0.8814957737922668,0.1317531317472458,0.5662046670913696,0.100583516061306,0.663719892501831,0.38839271664619446,0.533743679523468,0.03270673379302025,0.6132128238677979,0.4415701925754547,0.5096309781074524,0.6720483303070068,0.04418034851551056,0.26885902881622314
0.8324490189552307,0.29417702555656433,0.07655966281890869,0.7837278246879578,0.002215984044596553,0.07055322080850601,0.3241066336631775,0.25488921999931335,0.005204362329095602,0.1113424003124237,0.05272073298692703,0.023051714524626732,0.034763772040605545,0.009602989070117474,0.044138353317976
0.2472631335258484,0.7618571519851685,0.1278233826160431,0.7836810946464539,0.11229677498340607,0.5855371356010437,0.5174441933631897,0.6136891841888428,0.034043729305267334,0.16691426932811737,0.13513599336147308,0.035441529005765915,0.0532209686934948,0.026045145466923714,0.051149897277355194
0.6587425470352173,0.3025009036064148,0.1305667757987976,0.1642914116382599,0.0134824737906456,0.1684509813785553,0.006544566247612238,0.07850206643342972,0.0005787119152955711,0.1089281439781189,0.14196641743183136,0.10633433610200882,0.08105149120092392,0.009179248474538326,0.1313101053237915
0.9514107704162598,0.7436501383781433,0.0445166677236557,0.8324331045150757,0.005749213043600321,0.07635042071342468,0.006607350893318653,0.10056772828102112,0.0005551550420932472,0.5921110510826111,0.07461164146661758,0.033524975180625916,0.06577719002962112,0.0029781030025333166,0.03762083500623703
0.7062559127807617,0.783749520778656,0.22817614674568176,0.612984299659729,0.004986168351024389,0.07309405505657196,0.019085010513663292,0.889259397983551,0.0011417842470109463,0.5962335467338562,0.4526200592517853,0.019404008984565735,0.02473626099526882,0.00901445746421814,0.11558903753757477
0.8400737643241882,0.7167962789535522,0.35871759057044983,0.5511995553970337,0.2633318305015564,0.515110433101654,0.6421332955360413,0.8250001668930054,0.12496169656515121,0.6859658360481262,0.3391965925693512,0.7655549049377441,0.795637309551239,0.13099101185798645,0.1489812582731247
0.9854984879493713,0.7803800106048584,0.06594445556402206,0.2762675881385803,0.012555929832160473,0.10390131920576096,0.02576586976647377,0.4860441982746124,0.01986323483288288,0.45699766278266907,0.06056194379925728,0.07064253091812134,0.04438553377985954,0.024021126329898834,0.12163439393043518
0.8024324774742126,0.7359269857406616,0.1434525102376938,0.22268669307231903,0.044524259865283966,0.16344209015369415,0.11388839781284332,0.3695704936981201,0.0026313932612538338,0.540652871131897,0.16710466146469116,0.4296037256717682,0.3255560100078583,0.025783732533454895,0.5525466799736023
0.8195613622665405,0.30802860856056213,0.06953704357147217,0.09626458585262299,0.0024786016438156366,0.2522543668746948,0.0015404490986838937,0.09514589607715607,0.00020147899340372533,0.16798771917819977,0.04979677498340607,0.035764358937740326,0.023138979449868202,0.0021696866024285555,0.023858504369854927
0.6025272607803345,0.4617346227169037,0.02528754249215126,0.3657231628894806,0.04099302366375923,0.22939492762088776,0.037627458572387695,0.08144740760326385,0.0010558761423453689,0.17454692721366882,0.1027718037366867,0.10520606487989426,0.05037912353873253,0.018868213519454002,0.1188695877790451
0.8153735399246216,0.7155766487121582,0.7524780035018921,0.7952288389205933,0.6004114151000977,0.7902233600616455,0.7014735341072083,0.7946621179580688,0.4705633223056793,0.72123122215271,0.5201788544654846,0.7642453908920288,0.7073038816452026,0.10983037948608398,0.19778147339820862
0.6885693073272705,0.6558629870414734,0.2924138307571411,0.5229277014732361,0.28931838274002075,0.450639545917511,0.5395675301551819,0.6454029083251953,0.3125026822090149,0.6710872650146484,0.2510327994823456,0.4789589047431946,0.6967675089836121,0.13950000703334808,0.1168786883354187
0.9038862586021423,0.7901875972747803,0.36500585079193115,0.5432921051979065,0.02086562290787697,0.17461790144443512,0.017288150265812874,0.25852951407432556,0.002036497462540865,0.8890807032585144,0.34081780910491943,0.2074064314365387,0.10272551327943802,0.013456000946462154,0.12960392236709595
0.7404198050498962,0.42914989590644836,0.45362287759780884,0.7330744862556458,0.5169434547424316,0.6270993947982788,0.6271132230758667,0.6689560413360596,0.46625062823295593,0.546721875667572,0.3159506916999817,0.7069624066352844,0.6461135745048523,0.09976622462272644,0.20726528763771057
0.7978300452232361,0.7906605005264282,0.3876848816871643,0.4466705024242401,0.347982794046402,0.5693953037261963,0.6105304956436157,0.6591572165489197,0.17279917001724243,0.7844777703285217,0.3864439129829407,0.7613430619239807,0.5538884997367859,0.2009826898574829,0.11056890338659286
0.9706398844718933,0.8017640113830566,0.12382403016090393,0.4952905774116516,0.00892658717930317,0.18985329568386078,0.018331682309508324,0.3001745641231537,0.003307874081656337,0.49904584884643555,0.028415391221642494,0.0745813325047493,0.09949356317520142,0.012064865790307522,0.08024661988019943
0.6130884885787964,0.6353379487991333,0.19409315288066864,0.2657536268234253,0.02838059514760971,0.22038865089416504,0.026313936337828636,0.26746565103530884,0.015902379527688026,0.2832583487033844,0.07884994149208069,0.2077421098947525,0.1299741268157959,0.026211965829133987,0.10080841928720474
0.8338963985443115,0.7917682528495789,0.1615184247493744,0.19509364664554596,0.02922775037586689,0.03901902586221695,0.6074734926223755,0.3566325008869171,0.00046539894538000226,0.4721863567829132,0.3046184778213501,0.5590383410453796,0.482074111700058,0.06449800729751587,0.08780869841575623
0.686680018901825,0.6675474643707275,0.6567984819412231,0.565815269947052,0.16268527507781982,0.2490830272436142,0.39683571457862854,0.4033444821834564,0.7611219882965088,0.764358401298523,0.3479667603969574,0.7214387059211731,0.25718924403190613,0.1358487755060196,0.024137120693922043
0.6709603667259216,0.82197505235672,0.11757563054561615,0.2996322810649872,0.028061669319868088,0.5522071719169617,0.025523632764816284,0.11057054251432419,0.7710709571838379,0.7567304372787476,0.2548316419124603,0.7175042629241943,0.09202040731906891,0.07035169750452042,0.023998890072107315
0.018472405150532722,0.001746207708492875,0.00019423454068601131,0.013088253326714039,8.33560770843178e-05,0.15270815789699554,0.0001319049042649567,0.002088961424306035,5.753089135396294e-05,0.0013605289859697223,0.00043722486589103937,0.0007034537266008556,0.0008477462688460946,0.00024754650075919926,0.0011580651625990868
0.9562493562698364,0.8446239829063416,0.08221154659986496,0.43813422322273254,0.00682502007111907,0.4211750030517578,0.03128993511199951,0.17932485044002533,0.0009554690332151949,0.6167033314704895,0.14196272194385529,0.1008751168847084,0.11940712481737137,0.011627420783042908,0.07155918329954147
0.9400873780250549,0.721470296382904,0.5683643817901611,0.9470118880271912,0.34436532855033875,0.5366074442863464,0.47122204303741455,0.6936556100845337,0.5820056796073914,0.8083492517471313,0.34091076254844666,0.7680305242538452,0.6350966095924377,0.08359482884407043,0.0723642036318779
0.6791812181472778,0.3987243175506592,0.04955476149916649,0.18390017747879028,0.023642459884285927,0.29566797614097595,0.6714998483657837,0.5315892100334167,0.10278015583753586,0.27055737376213074,0.12864089012145996,0.42281171679496765,0.32523518800735474,0.0318119153380394,0.02574627846479416
0.7196118235588074,0.6385643482208252,0.6681166291236877,0.6841679811477661,0.34321144223213196,0.4310491383075714,0.6483676433563232,0.6827130317687988,0.5248262286186218,0.6943492293357849,0.4053785502910614,0.8421785831451416,0.7937827706336975,0.1300232857465744,0.05804598331451416
0.6914680600166321,0.6558924913406372,0.260604590177536,0.7376211881637573,0.662438154220581,0.6536744236946106,0.5586574077606201,0.5484873652458191,0.6799429655075073,0.6640638113021851,0.3743820786476135,0.7837181687355042,0.4781770408153534,0.13779906928539276,0.30999064445495605
0.8225342035293579,0.3853861689567566,0.5217444896697998,0.7712563872337341,0.19698095321655273,0.12532827258110046,0.2661284804344177,0.5245394706726074,0.4158363342285156,0.4129944145679474,0.1936342567205429,0.5424159169197083,0.4317081570625305,0.0522124245762825,0.02388446033000946
0.6753746867179871,0.6599169373512268,0.17805473506450653,0.5726109743118286,0.32532384991645813,0.5827972292900085,0.554023802280426,0.7324931621551514,0.5743374228477478,0.6777267456054688,0.1932801902294159,0.5668812990188599,0.4363580346107483,0.11216286569833755,0.10519162565469742
0.43724381923675537,0.3759545087814331,0.006429111119359732,0.10138174146413803,0.0011537898099049926,0.26240718364715576,0.0003107383963651955,0.0013623195700347424,0.00011929625907214358,0.027793994173407555,0.00897120963782072,0.006724334321916103,0.002487286226823926,0.0006728172302246094,0.060865454375743866
0.7986665964126587,0.7798202037811279,0.2366364300251007,0.43475034832954407,0.09915800392627716,0.6262439489364624,0.5350492596626282,0.6817543506622314,0.07067075371742249,0.6025943160057068,0.3552324175834656,0.5671634078025818,0.6173821687698364,0.08047506958246231,0.1389247626066208
0.5382004976272583,0.7645561099052429,0.1477736085653305,0.39264023303985596,0.00850447453558445,0.3014864921569824,0.045569635927677155,0.12438486516475677,0.00219837692566216,0.5082293152809143,0.2150285392999649,0.10357881337404251,0.06139902397990227,0.006675358396023512,0.13134457170963287
0.7324717044830322,0.6972171664237976,0.10106813162565231,0.638717770576477,0.8544813990592957,0.7397380471229553,0.9047760963439941,0.8430629372596741,0.38019612431526184,0.6651720404624939,0.374919593334198,0.3167293965816498,0.6161385774612427,0.07125186920166016,0.13588230311870575
0.6044884324073792,0.6177186965942383,0.01592266745865345,0.3252098262310028,0.0013416867004707456,0.1881629079580307,0.0024235916789621115,0.019048333168029785,0.0003761770494747907,0.04671613499522209,0.026663856580853462,0.020533615723252296,0.008810754865407944,0.003991646226495504,0.05747567117214203
0.705338180065155,0.5635486245155334,0.26145392656326294,0.41653206944465637,0.12931519746780396,0.16885986924171448,0.187334805727005,0.5108204483985901,0.03185605630278587,0.4726753830909729,0.24267563223838806,0.7067965865135193,0.5033196806907654,0.09252865612506866,0.11627083271741867
0.818324089050293,0.8021411895751953,0.25187939405441284,0.9121366143226624,0.0889449194073677,0.5026162266731262,0.3161621689796448,0.26547548174858093,0.017962835729122162,0.5754072666168213,0.29803720116615295,0.41836151480674744,0.16164810955524445,0.027275845408439636,0.10603691637516022
0.7753688097000122,0.6811244487762451,0.46798667311668396,0.6623108983039856,0.3855538070201874,0.3108186423778534,0.36697253584861755,0.620527982711792,0.41753843426704407,0.7249645590782166,0.5299086570739746,0.7801321744918823,0.6614846587181091,0.164789080619812,0.1324140876531601
0.8995339870452881,0.8586293458938599,0.3547731041908264,0.5991671681404114,0.20816586911678314,0.3518601655960083,0.40595534443855286,0.5950084924697876,0.2517983019351959,0.6758362650871277,0.3753705620765686,0.6470776796340942,0.5886215567588806,0.11350757628679276,0.14795584976673126
0.8153732419013977,0.7155765891075134,0.7524786591529846,0.7952283024787903,0.6004108190536499,0.7902233600616455,0.7014734745025635,0.7946619391441345,0.47056323289871216,0.7212315797805786,0.5201788544654846,0.7642456889152527,0.7073033452033997,0.10983077436685562,0.19778184592723846
0.5899195075035095,0.6709990501403809,0.26912280917167664,0.25661471486091614,0.006516530644148588,0.4597553014755249,0.003172145690768957,0.1283462941646576,0.0008756430470384657,0.5971770286560059,0.37454959750175476,0.018583226948976517,0.033099010586738586,0.08652567118406296,0.05014773830771446
0.28853583335876465,0.6719722151756287,0.009219083935022354,0.18380983173847198,0.002303635934367776,0.20549376308918,0.002594189252704382,0.0829557329416275,0.0006138336029835045,0.08990658819675446,0.047429390251636505,0.045307617634534836,0.023460714146494865,0.004048412665724754,0.05435815453529358
0.6683465242385864,0.4986434280872345,0.4995386302471161,0.7016313076019287,0.35911279916763306,0.4261592924594879,0.6178434491157532,0.6379423141479492,0.6018579602241516,0.7637885212898254,0.5123345255851746,0.73929363489151,0.4700487554073334,0.0011270538670942187,0.052782490849494934
0.08961164206266403,0.3048538565635681,0.6829696297645569,0.012578370049595833,0.0027084550820291042,0.014511870220303535,0.003011928405612707,0.6995382308959961,0.001357247238047421,0.4854179322719574,0.8834903836250305,0.028419144451618195,0.006548155099153519,0.0005264171049930155,0.05932972952723503
0.14162398874759674,0.23338668048381805,0.2859386205673218,0.26175767183303833,0.0020529702305793762,0.022495770826935768,0.006970830727368593,0.20968201756477356,0.32930296659469604,0.11569518595933914,0.855832576751709,0.05108487606048584,0.08851396292448044,0.00015405620797537267,0.027871523052453995
0.9296255707740784,0.8009804487228394,0.13434545695781708,0.10845798254013062,0.00787441711872816,0.08397772163152695,0.057368531823158264,0.5338755249977112,0.0013201627880334854,0.5999919176101685,0.04581424593925476,0.08000767230987549,0.12750278413295746,0.025273481383919716,0.13316041231155396
0.8387755751609802,0.7484374046325684,0.10484612733125687,0.23900765180587769,0.011862420476973057,0.03862038254737854,0.15441490709781647,0.36453279852867126,0.0025175472255796194,0.47277718782424927,0.14066049456596375,0.02389845810830593,0.26218998432159424,0.018509063869714737,0.13378430902957916
0.6783353090286255,0.7074892520904541,0.09027907997369766,0.47256919741630554,0.056264106184244156,0.48769673705101013,0.5876007676124573,0.49964267015457153,0.18495172262191772,0.41204503178596497,0.2755723297595978,0.248953714966774,0.18175463378429413,0.019924882799386978,0.05687934160232544
0.7948389649391174,0.7791084051132202,0.1293940544128418,0.8630260825157166,0.16384151577949524,0.4011968970298767,0.13367833197116852,0.49764636158943176,0.0013997801579535007,0.4464380443096161,0.32606256008148193,0.17716576159000397,0.3112264573574066,0.017738619819283485,0.19992782175540924
0.7687385678291321,0.4981987178325653,0.46784788370132446,0.475634902715683,0.33444759249687195,0.21575304865837097,0.5443142056465149,0.1637723296880722,0.2901826798915863,0.6192647218704224,0.1628059446811676,0.7215392589569092,0.5345113277435303,0.08726394921541214,0.09555937349796295
0.9655213952064514,0.7722325325012207,0.09748684614896774,0.8639629483222961,0.013193709775805473,0.2698828876018524,0.04094668850302696,0.20416569709777832,0.0010775948176160455,0.5052263736724854,0.05768068879842758,0.0988425612449646,0.04352159425616264,0.012948466464877129,0.11318294703960419
0.925452709197998,0.7869855165481567,0.17231690883636475,0.7926363945007324,0.01144647877663374,0.39831748604774475,0.6441833972930908,0.9081982970237732,0.658622145652771,0.7558345794677734,0.12439370900392532,0.26120901107788086,0.13744182884693146,0.00633453531190753,0.11152520775794983
0.8816959261894226,0.7954134345054626,0.26242271065711975,0.673669159412384,0.11522571742534637,0.6074514985084534,0.5935675501823425,0.9714881777763367,0.02965606562793255,0.6139272451400757,0.5859056711196899,0.3598446547985077,0.5657166242599487,0.06593921780586243,0.16700218617916107
0.9383472204208374,0.6234684586524963,0.09999098628759384,0.1370590478181839,0.004754940513521433,0.24421459436416626,0.008652309887111187,0.9371088147163391,0.00896020419895649,0.16981594264507294,0.032286759465932846,0.03718218952417374,0.024107566103339195,0.013240477070212364,0.10286508500576019
0.7521191239356995,0.7656018137931824,0.19204072654247284,0.12894263863563538,0.005804409272968769,0.7649129033088684,0.0287066251039505,0.9543672204017639,0.0021352618932724,0.15425467491149902,0.3150467276573181,0.05507773533463478,0.06039796024560928,0.029709558933973312,0.1358247846364975
0.8635645508766174,0.8972336649894714,0.021155884489417076,0.25900015234947205,0.0022103008814156055,0.1664382368326187,0.0016543472884222865,0.06313318014144897,0.00022929013357497752,0.5355893969535828,0.053511425852775574,0.05554087832570076,0.19480635225772858,0.001269117696210742,0.011595774441957474
0.872131884098053,0.8192843794822693,0.746854305267334,0.8292223215103149,0.665530800819397,0.7810443043708801,0.7450419068336487,0.821900486946106,0.7525278329849243,0.8760108351707458,0.6810829639434814,0.9139467477798462,0.7920085191726685,0.2531889081001282,0.2828966975212097
0.8882308006286621,0.7139419913291931,0.27139812707901,0.3479822278022766,0.16373760998249054,0.9768046736717224,0.3234301209449768,0.47435352206230164,0.0003887570055667311,0.31796184182167053,0.09857331216335297,0.10604415088891983,0.5602747201919556,0.01144949160516262,0.0944756269454956
0.9053835272789001,0.7269718050956726,0.07306060194969177,0.31496062874794006,0.012957001104950905,0.8494426608085632,0.0032650716602802277,0.11731058359146118,0.0003440596628934145,0.28177908062934875,0.11674010753631592,0.06549645960330963,0.22253355383872986,0.0022822250612080097,0.08283212780952454
0.9419094324111938,0.6648297309875488,0.014262309297919273,0.1893436461687088,0.001137848710641265,0.07722806185483932,0.0015907585620880127,0.02142687328159809,0.0001303205790463835,0.08642757683992386,0.08199284970760345,0.011774803511798382,0.009076918475329876,0.005265882704406977,0.12707354128360748
0.6846686005592346,0.6209080815315247,0.20730625092983246,0.3292693793773651,0.3533048629760742,0.7324885129928589,0.23023605346679688,0.6242703795433044,0.04639261215925217,0.3976905643939972,0.3991296589374542,0.6464503407478333,0.6276398301124573,0.053161125630140305,0.604652464389801
0.453590452671051,0.7030932903289795,0.07840411365032196,0.43078187108039856,0.054853953421115875,0.30991941690444946,0.13461996614933014,0.10268985480070114,0.03215273842215538,0.49551311135292053,0.5879853367805481,0.34417498111724854,0.05673329159617424,0.011736943386495113,0.0851268321275711
0.01592700183391571,0.1638597697019577,0.003132931422442198,0.06833084672689438,0.001129842596128583,0.009738236665725708,0.0019375624833628535,0.012304309755563736,0.0007811501855030656,0.14180275797843933,0.019095614552497864,0.002119577256962657,0.0015921825543045998,2.8732309147017077e-05,0.00573941832408309
0.26932621002197266,0.6305853128433228,0.02942170388996601,0.25360897183418274,0.0056269410997629166,0.10803832113742828,0.0030880386475473642,0.07137168198823929,0.0003055064589716494,0.11310433596372604,0.14911644160747528,0.17694109678268433,0.009189077652990818,0.004564774222671986,0.08760097622871399
0.7279848456382751,0.876477062702179,0.05271201208233833,0.11163387447595596,0.0011598868295550346,0.17802448570728302,0.0020646366756409407,0.11875608563423157,8.407058339798823e-05,0.17268145084381104,0.07891570031642914,0.0407072976231575,0.022604167461395264,0.028214041143655777,0.12373322248458862
0.7007209658622742,0.5320332050323486,0.20610369741916656,0.5632226467132568,0.004718422889709473,0.4758767783641815,0.004671989008784294,0.0315556563436985,0.0003478586149867624,0.19102628529071808,0.17618946731090546,0.22369658946990967,0.050697099417448044,0.0068001411855220795,0.04344203323125839
0.9922107458114624,0.6922183036804199,0.012220079079270363,0.042468003928661346,0.0019895960576832294,0.4079018533229828,0.0004738302086479962,0.010569645091891289,0.0002807090349961072,0.060995686799287796,0.012339279055595398,0.030912915244698524,0.005465768743306398,0.010269835591316223,0.037698209285736084
0.8238563537597656,0.7133967876434326,0.5024504661560059,0.7997124195098877,0.5404678583145142,0.7331331968307495,0.41062361001968384,0.670175313949585,0.7051616907119751,0.6528651118278503,0.7028132081031799,0.7997673749923706,0.5271754860877991,0.07576437294483185,0.1690065860748291
0.3376259207725525,0.4751112461090088,0.003735033795237541,0.013748441822826862,0.0017698440933600068,0.06165805459022522,0.002821760717779398,0.015084978193044662,0.06088675186038017,0.3452438712120056,0.009384149685502052,0.06033354625105858,0.01223168708384037,0.0029219351708889008,0.03418292850255966
0.49727457761764526,0.4178970456123352,0.263455331325531,0.3990109860897064,0.19378817081451416,0.023365193977952003,0.01643727906048298,0.04072415828704834,0.08643133193254471,0.3322669565677643,0.07646838575601578,0.46291884779930115,0.4099862277507782,0.0509769469499588,0.027004336938261986
0.25413569808006287,0.3418596088886261,0.012439464218914509,0.0052320207469165325,0.0010928711853921413,0.03361572325229645,0.0296001173555851,0.32984650135040283,0.0039209057576954365,0.443742573261261,0.005339099559932947,0.011353621259331703,0.02671721950173378,0.002445479156449437,0.05382273718714714
0.6689164042472839,0.8015896081924438,0.04525298252701759,0.03759792074561119,0.003668224671855569,0.04311729595065117,0.008201022632420063,0.49664944410324097,0.0028181658126413822,0.549286961555481,0.029564781114459038,0.1159912720322609,0.20219358801841736,0.005132161546498537,0.10075803846120834
0.23704445362091064,0.29382237792015076,0.014183691702783108,0.018595587462186813,0.0011312860297039151,0.054928913712501526,0.0034578549675643444,0.11903660744428635,0.0006890141521580517,0.2847452163696289,0.023986760526895523,0.029852282255887985,0.028484944254159927,0.00411727000027895,0.06711802631616592
0.7239394783973694,0.817284882068634,0.10939387232065201,0.2163555920124054,0.014110468327999115,0.7956945896148682,0.011904356069862843,0.3607625365257263,0.003361530601978302,0.3529152274131775,0.06971309334039688,0.10810047388076782,0.07785756140947342,0.013717920519411564,0.09054514765739441
0.881974458694458,0.6969412565231323,0.13476364314556122,0.34898003935813904,0.008911780081689358,0.3453812301158905,0.01420086994767189,0.23845410346984863,0.002262939466163516,0.43117284774780273,0.06504210829734802,0.08827824145555496,0.14852458238601685,0.007935182191431522,0.09491050988435745
0.5936328172683716,0.6399317979812622,0.04418669641017914,0.24167105555534363,0.056784458458423615,0.2956685721874237,0.13440893590450287,0.3863169550895691,0.021036628633737564,0.4203013479709625,0.1638840138912201,0.4131818413734436,0.3153759241104126,0.01287382747977972,0.055774759501218796
0.6998527646064758,0.7100227475166321,0.023390978574752808,0.19299903512001038,0.004878831561654806,0.08531394600868225,0.02818990685045719,0.3323589861392975,0.001908994046971202,0.2889631688594818,0.034647949039936066,0.1599527895450592,0.11024997383356094,0.020603122189641,0.05553550273180008
0.7503148913383484,0.6409787535667419,0.05263131856918335,0.14982780814170837,0.013440977782011032,0.5752740502357483,0.030859200283885002,0.20951256155967712,0.00328687927685678,0.0821380540728569,0.036363646388053894,0.13887682557106018,0.12362291663885117,0.027758922427892685,0.06555715203285217
0.7940842509269714,0.6393904685974121,0.09766802191734314,0.3813951909542084,0.03275437653064728,0.7691187262535095,0.020878102630376816,0.1867981106042862,0.007251843810081482,0.2124931514263153,0.044826678931713104,0.18344832956790924,0.10125694423913956,0.015024532563984394,0.05597614869475365
0.9400143623352051,0.8760941028594971,0.061404649168252945,0.2750667929649353,0.01994851790368557,0.7494871616363525,0.002169553656131029,0.07455234229564667,0.0013613230548799038,0.30808576941490173,0.0360981784760952,0.02759660966694355,0.015125345438718796,0.011947509832680225,0.03695717826485634
0.8287376165390015,0.8512795567512512,0.11759250611066818,0.22981368005275726,0.016870783641934395,0.7027881741523743,0.005115223582834005,0.11541032791137695,0.0010920772328972816,0.3447437584400177,0.11454278975725174,0.09885701537132263,0.0401601642370224,0.021608879789710045,0.07559692114591599
0.8952181339263916,0.667016327381134,0.4586032032966614,0.5607070326805115,0.4642842411994934,0.4903208315372467,0.4528740644454956,0.8079856038093567,0.25093066692352295,0.5707867741584778,0.4178970456123352,0.7719271183013916,0.8716715574264526,0.2385943979024887,0.15389083325862885
0.8835928440093994,0.7860838770866394,0.6855906844139099,0.8088937401771545,0.6621049642562866,0.5185254216194153,0.5638329386711121,0.7708333134651184,0.6904300451278687,0.6811152100563049,0.6631042957305908,0.8961350917816162,0.7529951930046082,0.15407006442546844,0.4246752858161926
0.7506098747253418,0.6109273433685303,0.6848748922348022,0.4738922715187073,0.018627338111400604,0.7249159812927246,0.010266277007758617,0.8570486903190613,0.1418113112449646,0.15861386060714722,0.6892406940460205,0.8660700917243958,0.1050332710146904,0.03233308345079422,0.11411131918430328
0.7288857102394104,0.7704602479934692,0.49953988194465637,0.5510486960411072,0.3398178815841675,0.5019553303718567,0.7802371382713318,0.823401689529419,0.3571084439754486,0.5744264125823975,0.32824084162712097,0.6353130340576172,0.7064010500907898,0.19822831451892853,0.25581514835357666
0.6837843656539917,0.5890146493911743,0.00837298296391964,0.16089239716529846,0.0014041535323485732,0.473876416683197,0.0022292830981314182,0.12643304467201233,0.00024214969016611576,0.07862352579832077,0.05305943265557289,0.04167739674448967,0.03410175070166588,0.005571537651121616,0.06287875026464462
0.7798253297805786,0.6358554363250732,0.017611350864171982,0.08254839479923248,0.0027751210145652294,0.5171279311180115,0.0013953367015346885,0.037141136825084686,0.0007033830042928457,0.10216574370861053,0.03668038547039032,0.06974160671234131,0.06618332862854004,0.008956031873822212,0.09400049597024918
0.8845674395561218,0.8330495953559875,0.5256636142730713,0.7262573838233948,0.767687201499939,0.8711601495742798,0.6884452700614929,0.762484610080719,0.5297619700431824,0.691457986831665,0.6083686947822571,0.8495308756828308,0.7526026964187622,0.1559211015701294,0.08163198083639145
0.4278510808944702,0.6600916385650635,0.24457664787769318,0.6518964171409607,0.284883588552475,0.27862074971199036,0.7331899404525757,0.5949234366416931,0.37736040353775024,0.48767560720443726,0.32442331314086914,0.5120397806167603,0.215606227517128,0.037304289638996124,0.23410722613334656
0.9881168603897095,0.3818553388118744,0.001294005662202835,0.05814152956008911,0.0012923729373142123,0.11921948939561844,0.0006848860648460686,0.0016530152643099427,0.00022394541883841157,0.08179519325494766,0.008906858041882515,0.04226822406053543,0.007719458546489477,0.0018004854209721088,0.02292490191757679
0.9512455463409424,0.7418343424797058,0.13667133450508118,0.5432983040809631,0.08362281322479248,0.36021485924720764,0.09287698566913605,0.4478836953639984,0.004297425039112568,0.8622804880142212,0.16269607841968536,0.4007507562637329,0.237984299659729,0.011533806100487709,0.043137334287166595
0.03638178110122681,0.2400016337633133,0.0017827708506956697,0.1657138466835022,0.0009954164270311594,0.04449818655848503,0.0011479380773380399,0.005195783916860819,0.0008219078299589455,0.26584285497665405,0.010978495702147484,0.005705781280994415,0.008847172372043133,0.0015857821563258767,0.002653437200933695
0.1872306615114212,0.2738687992095947,0.18160304427146912,0.43771958351135254,0.018517782911658287,0.21835322678089142,0.05645249783992767,0.14303676784038544,0.22021885216236115,0.25987520813941956,0.2067655324935913,0.39722752571105957,0.05194685235619545,0.00791359692811966,0.013019128702580929
0.5649743676185608,0.4332170784473419,0.11937001347541809,0.5477955937385559,0.05581219866871834,0.1611512154340744,0.03152599558234215,0.39865875244140625,0.017467277124524117,0.42772331833839417,0.18097054958343506,0.5012104511260986,0.21426618099212646,0.015281890518963337,0.04205632209777832
0.6290987133979797,0.7763634920120239,0.09981568902730942,0.5517444610595703,0.20727525651454926,0.6465966105461121,0.5675063133239746,0.6985381841659546,0.6266825795173645,0.6962412595748901,0.15417753159999847,0.5884845852851868,0.33584392070770264,0.05545854568481445,0.13918974995613098
0.5486336350440979,0.8778792023658752,0.1633760631084442,0.32765474915504456,0.008619853295385838,0.18154916167259216,0.012243649922311306,0.13703790307044983,0.02577240765094757,0.4425647556781769,0.16465890407562256,0.2916969060897827,0.22857873141765594,0.023089230060577393,0.10538279265165329
0.6842104196548462,0.7155588865280151,0.2829359173774719,0.6435326337814331,0.5922014713287354,0.14539964497089386,0.5785791873931885,0.6647277474403381,0.6082897186279297,0.6775018572807312,0.3297331929206848,0.5089405179023743,0.5942047834396362,0.07734626531600952,0.17129218578338623
0.8377488255500793,0.7930100560188293,0.4734172523021698,0.6732743978500366,0.41327744722366333,0.36782360076904297,0.25953686237335205,0.7023176550865173,0.4586150348186493,0.7524186372756958,0.33872634172439575,0.4983312487602234,0.7672069668769836,0.13693185150623322,0.12399891763925552
0.5090171098709106,0.6691956520080566,0.17865590751171112,0.5186100006103516,0.278667151927948,0.7495722770690918,0.4356069564819336,0.5526526570320129,0.620855450630188,0.7441233992576599,0.3499380350112915,0.5474719405174255,0.2678486704826355,0.04587939754128456,0.05503074452280998
0.70721834897995,0.7370977401733398,0.46341603994369507,0.8769392371177673,0.503965437412262,0.5851074457168579,0.49194738268852234,0.714869499206543,0.6349152326583862,0.6854172945022583,0.581819474697113,0.7675569653511047,0.517109215259552,0.1498561054468155,0.07952624559402466
0.6597102880477905,0.780106782913208,0.020748840644955635,0.3778591454029083,0.0037482385523617268,0.5620933175086975,0.003611619584262371,0.030835319310426712,0.0008099233382381499,0.20874632894992828,0.02169112302362919,0.06648934632539749,0.03170229494571686,0.00987577997148037,0.06944406032562256
0.6681981682777405,0.8568152785301208,0.11177043616771698,0.37578341364860535,0.02673262171447277,0.21769307553768158,0.15746773779392242,0.5150766968727112,0.017408426851034164,0.5754433870315552,0.15171465277671814,0.2734665870666504,0.2792551815509796,0.05873081460595131,0.2044585943222046
0.916433572769165,0.7998558878898621,0.38142213225364685,0.7238703966140747,0.4355723261833191,0.5750104188919067,0.6921658515930176,0.7935389280319214,0.4826495945453644,0.7083837985992432,0.48025259375572205,0.7757207155227661,0.8656813502311707,0.14569400250911713,0.24851857125759125
0.2486167699098587,0.7660208344459534,0.0775284618139267,0.14247681200504303,0.015393328852951527,0.05852074921131134,0.11199681460857391,0.29120853543281555,0.02577723003923893,0.4167797863483429,0.07650737464427948,0.08231588453054428,0.1672489494085312,0.009585070423781872,0.10643674433231354
0.5208850502967834,0.5834236741065979,0.021815363317728043,0.15662847459316254,0.002733819419518113,0.13435015082359314,0.0043182456865906715,0.3235952854156494,0.00565672293305397,0.37061208486557007,0.26632729172706604,0.26628097891807556,0.0894058495759964,0.01788192056119442,0.18204520642757416
0.814174234867096,0.596449077129364,0.38443005084991455,0.45969492197036743,0.3240072429180145,0.5914730429649353,0.6111494302749634,0.6063677072525024,0.12458955496549606,0.47605887055397034,0.4080755412578583,0.691200852394104,0.44600385427474976,0.10110308229923248,0.23248383402824402
0.8922751545906067,0.8468940854072571,0.1027030274271965,0.8294702172279358,0.0033692626748234034,0.3514622747898102,0.0033299585338681936,0.6964882612228394,0.0012314788764342666,0.26027634739875793,0.23815439641475677,0.026382505893707275,0.11980026215314865,0.13322561979293823,0.14557041227817535
0.5664114952087402,0.6938541531562805,0.12697842717170715,0.3368198275566101,0.028453364968299866,0.052388954907655716,0.036396026611328125,0.3064987361431122,0.0024429939221590757,0.6543755531311035,0.6514281034469604,0.44681793451309204,0.2216567099094391,0.01864890195429325,0.2282562404870987
0.5677070617675781,0.7044702768325806,0.5752608180046082,0.6825098395347595,0.42823565006256104,0.46911561489105225,0.277382493019104,0.517005205154419,0.3301953673362732,0.531532883644104,0.4178082346916199,0.7160515785217285,0.6238018274307251,0.16889330744743347,0.21300429105758667
0.2784084379673004,0.6901146173477173,0.00463055819272995,0.19078300893306732,0.0005087889730930328,0.06851555407047272,0.0004551768070086837,0.07756195217370987,8.81792075233534e-05,0.013446983881294727,0.06947667896747589,0.040294114500284195,0.018060047179460526,0.007152174599468708,0.17781434953212738
0.2719113230705261,0.6058302521705627,0.03519808128476143,0.17064590752124786,0.032852817326784134,0.1074390858411789,0.01864067278802395,0.20853787660598755,0.006136381067335606,0.42745572328567505,0.18691673874855042,0.04481668770313263,0.23058660328388214,0.01303649228066206,0.10857590287923813
0.6004790663719177,0.985770046710968,0.05785210058093071,0.0696902945637703,0.003549861954525113,0.1977953165769577,0.003964572679251432,0.08355287462472916,0.0002501636918168515,0.22326773405075073,0.03972550481557846,0.07635843753814697,0.04303053766489029,0.006974717602133751,0.10814462602138519
0.11171135306358337,0.22329771518707275,0.019069131463766098,0.0373014397919178,0.0031070043332874775,0.022663546726107597,0.006588989868760109,0.1584276556968689,0.0006217316258698702,0.044302210211753845,0.024509312584996223,0.015191932208836079,0.01929520070552826,0.006249649915844202,0.10568184405565262
0.265634685754776,0.28986963629722595,0.01574072614312172,0.11253336071968079,0.0014653073158115149,0.03929763659834862,0.0011133668012917042,0.037112534046173096,0.00013233633944764733,0.05668801814317703,0.044101960957050323,0.003890146967023611,0.021655984222888947,0.000752285763155669,0.059010885655879974
0.8085569739341736,0.7792011499404907,0.09751904010772705,0.4256986081600189,0.1491958498954773,0.5664483904838562,0.0707644671201706,0.20132344961166382,0.0008870924939401448,0.33700090646743774,0.3074035048484802,0.48655322194099426,0.24988649785518646,0.01162838377058506,0.0991942286491394
0.8992844223976135,0.6248449683189392,0.02178305946290493,0.23531845211982727,0.005735145881772041,0.11393667757511139,0.0031004927586764097,0.10929606109857559,0.0004902065848000348,0.10201697796583176,0.05109715089201927,0.046112965792417526,0.03858267515897751,0.012560617178678513,0.10408395528793335
0.9385071992874146,0.6776436567306519,0.03656734526157379,0.3523711562156677,0.009087244980037212,0.28479239344596863,0.28628572821617126,0.33850058913230896,0.00020635855617001653,0.08418591320514679,0.025873715057969093,0.009817708283662796,0.06070822477340698,0.013575717806816101,0.1092180386185646
0.16336524486541748,0.3823604881763458,0.16242164373397827,0.04024560749530792,0.0034904866479337215,0.07797001302242279,0.007350570987910032,0.2676456868648529,0.000642474100459367,0.11880648881196976,0.03253922238945961,0.0965966060757637,0.02758360095322132,0.006175243761390448,0.05377678945660591
0.6966429948806763,0.5174615979194641,0.07934601604938507,0.20226261019706726,0.005609682761132717,0.0859469324350357,0.00294785900041461,0.13898560404777527,0.0005579725257121027,0.49848276376724243,0.10419637709856033,0.0191201139241457,0.089813731610775,0.0025245475117117167,0.23937667906284332
0.6097708940505981,0.5446362495422363,0.6768283247947693,0.2344389110803604,0.061916738748550415,0.4650777578353882,0.19363611936569214,0.7570928931236267,0.0044060456566512585,0.7108562588691711,0.5280942916870117,0.6625271439552307,0.26884520053863525,0.011638043448328972,0.0614694282412529
0.9406708478927612,0.46907174587249756,0.0034337567631155252,0.13531889021396637,0.004366395063698292,0.02383606880903244,0.0027310550212860107,0.006771937478333712,0.00011647803330561146,0.09974173456430435,0.04525051638484001,0.014197604730725288,0.010885115712881088,0.0006537986919283867,0.031862180680036545
0.7712362408638,0.711449146270752,0.540350079536438,0.7063404321670532,0.5628716945648193,0.7209944725036621,0.5830094218254089,0.6596642136573792,0.38023433089256287,0.7356149554252625,0.45290082693099976,0.8287944197654724,0.6019853949546814,0.5269728302955627,0.2455609142780304
0.08834058791399002,0.40635234117507935,0.0385269969701767,0.18508422374725342,0.06440383940935135,0.12002753466367722,0.1550983041524887,0.35308152437210083,0.005675863940268755,0.13231995701789856,0.13677853345870972,0.18844673037528992,0.11867894232273102,0.025975005701184273,0.15765346586704254
0.5853517651557922,0.5702388882637024,0.37311112880706787,0.566966712474823,0.5545691847801208,0.5914256572723389,0.34656068682670593,0.9425733089447021,0.077738918364048,0.46811917424201965,0.41923773288726807,0.6179224848747253,0.545346736907959,0.07227164506912231,0.12871631979942322
0.9148650169372559,0.808662474155426,0.018968267366290092,0.31249916553497314,0.6722638607025146,0.4862779378890991,0.6504713296890259,0.8313000798225403,0.001458355225622654,0.6533290147781372,0.11069049686193466,0.3692253530025482,0.5007641911506653,0.049091920256614685,0.1072569489479065
0.7358042001724243,0.7211565971374512,0.06912915408611298,0.23349131643772125,0.006914262659847736,0.6278531551361084,0.008281474001705647,0.7634264826774597,0.0019090785644948483,0.3202993869781494,0.1586313396692276,0.06791757047176361,0.07861305773258209,0.015083673410117626,0.18732474744319916
0.6592329144477844,0.812666654586792,0.11895960569381714,0.30314844846725464,0.015646155923604965,0.7025461196899414,0.08124939352273941,0.5739427804946899,0.01231237594038248,0.48732659220695496,0.3479473292827606,0.1563560962677002,0.423145592212677,0.03145656734704971,0.11957997828722
0.7217939496040344,0.29527804255485535,0.15177109837532043,0.5250329971313477,0.2358376532793045,0.42322617769241333,0.30011865496635437,0.5405486226081848,0.10801104456186295,0.4944421052932739,0.19305095076560974,0.5891727209091187,0.4334859848022461,0.04048742353916168,0.3498932123184204
0.5478612184524536,0.32938775420188904,0.05671417713165283,0.2689642906188965,0.0040229978039860725,0.2656358480453491,0.0045024678111076355,0.012238205410540104,0.000348335801390931,0.02488773502409458,0.05484882369637489,0.008980433456599712,0.02358030527830124,0.005464284215122461,0.08541525900363922
0.9375709891319275,0.6964232325553894,0.18892234563827515,0.23578955233097076,0.018882250413298607,0.4992036819458008,0.7106301188468933,0.2675323188304901,0.0003176535537932068,0.09959428012371063,0.01328712236136198,0.038736533373594284,0.047324568033218384,0.004364508204162121,0.043164871633052826
0.16634109616279602,0.4019535183906555,0.0034466979559510946,0.0928741917014122,0.00042269969708286226,0.07240118831396103,0.0002671783440746367,0.0011702108895406127,0.00010538001515669748,0.010619644075632095,0.07572821527719498,0.08785797655582428,0.001797485863789916,0.0005342134973034263,0.027076920494437218
0.6129871010780334,0.4979777932167053,0.10107166320085526,0.050949614495038986,0.007593130227178335,0.03678646311163902,0.00695985509082675,0.13745816051959991,0.0002470395411364734,0.054939866065979004,0.09862291812896729,0.30909135937690735,0.08141964673995972,0.004517965018749237,0.08674568682909012
0.18612146377563477,0.2656089663505554,0.042765241116285324,0.019450459629297256,0.0024930937215685844,0.03351756930351257,0.008042339235544205,0.14815910160541534,0.0011875381460413337,0.4134691059589386,0.08986226469278336,0.018613426014780998,0.0883680135011673,0.005472601857036352,0.057335417717695236
0.8081153631210327,0.5700699687004089,0.09823359549045563,0.2908939719200134,0.03118983469903469,0.5130301117897034,0.031378068029880524,0.48150670528411865,0.01176923606544733,0.35883069038391113,0.3209213614463806,0.07822603732347488,0.09982133656740189,0.0461614653468132,0.07501077651977539
0.8939504623413086,0.6981005668640137,0.15635253489017487,0.8610891699790955,0.006075285840779543,0.062236860394477844,0.0386052243411541,0.2809484601020813,0.0005850133602507412,0.4938545823097229,0.22336143255233765,0.0061873504891991615,0.014195575378835201,0.016944756731390953,0.08298439532518387
0.0874381884932518,0.028658751398324966,0.0334009975194931,0.049487270414829254,0.0007649494800716639,0.005274287890642881,0.0005258586606942117,0.0011439172085374594,0.0006953676929697394,0.047078024595975876,0.015413074754178524,0.015091259963810444,0.008567314594984055,0.0007282954175025225,0.024088475853204727
0.819344699382782,0.7688663601875305,0.33680155873298645,0.4634547531604767,0.2418214976787567,0.5402843356132507,0.5740570425987244,0.6178358197212219,0.6211698055267334,0.6869185566902161,0.31980806589126587,0.8838022947311401,0.66135573387146,0.11485731601715088,0.10330697894096375
0.9147170782089233,0.7686001062393188,0.3751828372478485,0.7094069719314575,0.47552138566970825,0.7379268407821655,0.755350649356842,0.9372161626815796,0.36094930768013,0.7864768505096436,0.3357200622558594,0.824036180973053,0.5970264077186584,0.16791801154613495,0.1029871255159378
0.7483558654785156,0.776715099811554,0.2081405222415924,0.29905277490615845,0.06798648089170456,0.5799455642700195,0.7263091206550598,0.5002244710922241,0.00299042253755033,0.47551190853118896,0.3209420144557953,0.41011518239974976,0.29529643058776855,0.036520469933748245,0.08934138715267181
0.9399771690368652,0.7220633029937744,0.22564896941184998,0.0864815041422844,0.006349971983581781,0.37166067957878113,0.003951398190110922,0.3296821415424347,0.23798143863677979,0.587851345539093,0.05375427380204201,0.1003432422876358,0.06755286455154419,0.0303447637706995,0.06370238959789276
0.7071101665496826,0.9425534605979919,0.11209048330783844,0.5173061490058899,0.09406666457653046,0.7776567935943604,0.049293000251054764,0.7450926899909973,0.6109994649887085,0.7590522766113281,0.20193453133106232,0.7510311603546143,0.4560147523880005,0.08569209277629852,0.10207043588161469
0.877374529838562,0.8750154376029968,0.15428508818149567,0.4444313645362854,0.06315779685974121,0.961800754070282,0.04364281892776489,0.24862536787986755,0.33343181014060974,0.7209892868995667,0.05068444460630417,0.24041368067264557,0.13279351592063904,0.09781365841627121,0.0725029781460762
0.08941973745822906,0.3046443462371826,0.06337916105985641,0.04476309195160866,0.007543319370597601,0.022519635036587715,0.026730956509709358,0.12709802389144897,0.046243321150541306,0.34693315625190735,0.05798443779349327,0.06512045115232468,0.17400552332401276,0.005922501906752586,0.15739628672599792
0.8589156270027161,0.7543362379074097,0.2573069632053375,0.5519280433654785,0.22226564586162567,0.45075497031211853,0.34994789958000183,0.362951397895813,0.35583946108818054,0.8344871997833252,0.2631818354129791,0.8915765881538391,0.4517703652381897,0.03582555800676346,0.11990241706371307
0.5954978466033936,0.8089640140533447,0.008175935596227646,0.23832054436206818,0.03223330155014992,0.41312018036842346,0.013344272039830685,0.37982678413391113,0.05887915566563606,0.1522577852010727,0.011558339931070805,0.044879358261823654,0.07592734694480896,0.04224979877471924,0.11175592988729477
0.059082694351673126,0.24719645082950592,0.00724775530397892,0.028871914371848106,0.019428059458732605,0.12590715289115906,0.016465578228235245,0.13069863617420197,0.0882163941860199,0.19062530994415283,0.016770850867033005,0.2979987859725952,0.08381398022174835,0.009696890600025654,0.082809679210186
0.9116727709770203,0.8267762064933777,0.21753622591495514,0.5445120334625244,0.3378645181655884,0.9530448317527771,0.3146713376045227,0.6249312162399292,0.1574936807155609,0.6620424389839172,0.1823599934577942,0.48294544219970703,0.6332176327705383,0.20633095502853394,0.10441558063030243
0.0010037057800218463,0.0035484926775097847,0.000344082189258188,0.003284050850197673,0.00012481422163546085,0.06508008390665054,0.00036376601201482117,0.014659304171800613,0.0014990881318226457,0.0028012641705572605,0.0016800279263406992,0.0005226192297413945,0.001725698821246624,0.0005760195781476796,0.005169349256902933
0.7416083216667175,0.5219548344612122,0.025269005447626114,0.20166872441768646,0.03859929367899895,0.9614160656929016,0.40450161695480347,0.576343834400177,0.04338021203875542,0.24849988520145416,0.02037608064711094,0.16094128787517548,0.15854552388191223,0.10034041851758957,0.1046188473701477
0.607555627822876,0.6057834625244141,0.1213311180472374,0.1694185882806778,0.18905852735042572,0.9498137831687927,0.4483335316181183,0.6104140877723694,0.09051166474819183,0.34597986936569214,0.037754982709884644,0.23817485570907593,0.3546029329299927,0.11194097995758057,0.07454299181699753
0.556492805480957,0.3002050220966339,0.0611165426671505,0.19316759705543518,0.022132424637675285,0.45266443490982056,0.10605236887931824,0.32817643880844116,0.07135789096355438,0.23922593891620636,0.044855907559394836,0.07907289266586304,0.08645406365394592,0.024617144837975502,0.09122473746538162
0.8133347034454346,0.575550377368927,0.2853691875934601,0.5890373587608337,0.1463533639907837,0.37902000546455383,0.19856476783752441,0.5571116805076599,0.24175088107585907,0.46465057134628296,0.08764851093292236,0.8119169473648071,0.6133511662483215,0.02978787198662758,0.03082817606627941
0.713451623916626,0.3852373957633972,0.012312923558056355,0.31768104434013367,0.12049546837806702,0.14230678975582123,0.28873395919799805,0.02668236941099167,0.004182669799774885,0.03377801924943924,0.04282807186245918,0.4493350684642792,0.29602640867233276,0.04079850763082504,0.03134464845061302
0.8650879263877869,0.7791067361831665,0.044564343988895416,0.546210765838623,0.0172191821038723,0.7117322683334351,0.06655284017324448,0.0533418133854866,0.0015140916220843792,0.5687549114227295,0.09737234562635422,0.2752959728240967,0.2563127279281616,0.02062736265361309,0.04635123535990715
0.8726902008056641,0.6397637128829956,0.017214391380548477,0.24500124156475067,0.02742314152419567,0.5788970589637756,0.016230471432209015,0.44918912649154663,0.06892599165439606,0.5065675973892212,0.08727357536554337,0.4205993115901947,0.1559932827949524,0.013121631927788258,0.08908398449420929
0.8423266410827637,0.27666959166526794,0.02850946970283985,0.34387651085853577,0.0021330234594643116,0.1080412045121193,0.007691767066717148,0.0010086779948323965,0.014641515910625458,0.16607490181922913,0.029324566945433617,0.2946772277355194,0.010392274707555771,0.001516696996986866,0.030911531299352646
0.9235402941703796,0.7580505013465881,0.660265326499939,0.8582582473754883,0.6727690696716309,0.6904736161231995,0.5156189203262329,0.7913729548454285,0.414002925157547,0.7751465439796448,0.5960045456886292,0.8593013286590576,0.7279447913169861,0.11731167137622833,0.20561106503009796
0.8284865021705627,0.7774449586868286,0.4399816691875458,0.5790131688117981,0.23612049221992493,0.3620242476463318,0.29832085967063904,0.4588748812675476,0.24951054155826569,0.5679008960723877,0.4397966265678406,0.6874373555183411,0.5145706534385681,0.07955940812826157,0.18591994047164917
0.0003557738964445889,0.17431537806987762,0.4617426097393036,0.003737082239240408,0.0015170843107625842,0.02541333995759487,0.0012361054541543126,0.24306587874889374,0.001975954743102193,0.2876010835170746,0.018032025545835495,0.19239628314971924,0.006645311135798693,0.002711639739573002,0.007588426116853952
0.7910087704658508,0.6828284859657288,0.21444396674633026,0.42424020171165466,0.0636591836810112,0.7698110938072205,0.03676300868391991,0.48786231875419617,0.15829132497310638,0.5871338248252869,0.36001914739608765,0.7628907561302185,0.3444872200489044,0.04596928507089615,0.07640379667282104
0.447211354970932,0.32046711444854736,0.17700709402561188,0.23828352987766266,0.06541261821985245,0.028930265456438065,0.11018931865692139,0.17521537840366364,0.08155760914087296,0.49808332324028015,0.1957617700099945,0.2877383232116699,0.02718253619968891,0.009229198098182678,0.06583567708730698
0.8288720846176147,0.4929215610027313,0.3974882662296295,0.49757328629493713,0.09935818612575531,0.430448442697525,0.19634976983070374,0.5189310908317566,0.027651237323880196,0.5866707563400269,0.572799563407898,0.40514320135116577,0.7619441151618958,0.028973955661058426,0.0792868509888649
0.6846678853034973,0.6952707171440125,0.34464532136917114,0.6912758946418762,0.3446856737136841,0.3809356093406677,0.09693431109189987,0.7522750496864319,0.8097707033157349,0.5128932595252991,0.4032747447490692,0.7038900852203369,0.1491469442844391,0.02684440277516842,0.12100706994533539
0.1485006958246231,0.5268721580505371,0.024367064237594604,0.5422070622444153,0.6796083450317383,0.5220565795898438,0.3822241425514221,0.2515602707862854,0.1322384923696518,0.15064440667629242,0.018520090728998184,0.4109157621860504,0.10423818975687027,0.007781005464494228,0.019109932705760002
0.45065590739250183,0.7693738341331482,0.024653909727931023,0.08742229640483856,0.03336218744516373,0.5821542143821716,0.5819223523139954,0.2973117530345917,0.3393282890319824,0.6643978953361511,0.08618335425853729,0.5179314613342285,0.38119691610336304,0.01695330999791622,0.06432238221168518
0.7052791118621826,0.43073028326034546,0.042469292879104614,0.19402696192264557,0.07289792597293854,0.43605566024780273,0.7247351408004761,0.6005794405937195,0.812211811542511,0.439170777797699,0.035028036683797836,0.18614432215690613,0.35215887427330017,0.018517127260565758,0.039686169475317
0.3991387188434601,0.71415776014328,0.07624848186969757,0.17299358546733856,0.0781603753566742,0.0931524783372879,0.36208269000053406,0.7239338755607605,0.48837676644325256,0.5903214812278748,0.04048389196395874,0.52849942445755,0.5495631098747253,0.01662076823413372,0.12105786800384521
0.5469884276390076,0.554994523525238,0.04020320996642113,0.25155967473983765,0.4017125368118286,0.49525731801986694,0.418453574180603,0.8931317329406738,0.6188520789146423,0.5199747085571289,0.12347789108753204,0.6562522053718567,0.4891359806060791,0.019279105588793755,0.13889910280704498
0.815855085849762,0.7651522159576416,0.06915486603975296,0.20370011031627655,0.3859914541244507,0.8485286831855774,0.8339745402336121,0.639718770980835,0.07203241437673569,0.31533026695251465,0.1963524967432022,0.53978031873703,0.6384764909744263,0.08181443810462952,0.18294602632522583
0.24176734685897827,0.3664710819721222,0.019108958542346954,0.022072115913033485,0.026515308767557144,0.2619658410549164,0.28294655680656433,0.40872904658317566,0.12959562242031097,0.20164155960083008,0.024708949029445648,0.20004887878894806,0.11254280805587769,0.012834393419325352,0.13903802633285522
0.7502042651176453,0.6935768127441406,0.027509590610861778,0.1719304919242859,0.06091514229774475,0.7814226150512695,0.06759417802095413,0.8823612332344055,0.29749706387519836,0.47297075390815735,0.10396214574575424,0.5404481291770935,0.5236713886260986,0.06446494162082672,0.12214295566082001
0.2571861147880554,0.6142428517341614,0.027694469317793846,0.014683390967547894,0.0023675498086959124,0.03386462479829788,0.12445405125617981,0.6742233633995056,0.022173454985022545,0.3435909152030945,0.007586925756186247,0.023091040551662445,0.18322427570819855,0.015019827522337437,0.06064772978425026
0.45522019267082214,0.6921393871307373,0.08402518182992935,0.1982470005750656,0.04657968133687973,0.03613162413239479,0.5144624710083008,0.5208883285522461,0.7655524015426636,0.4123731851577759,0.05648229271173477,0.31582513451576233,0.20275400578975677,0.004177864175289869,0.16380701959133148
0.2647702991962433,0.7533228397369385,0.04947197809815407,0.07885131984949112,0.011811726726591587,0.264352947473526,0.012558549642562866,0.05057508870959282,0.9759168028831482,0.5463313460350037,0.12705698609352112,0.41166824102401733,0.2090461403131485,0.010130589827895164,0.0724201649427414
0.5057210326194763,0.6460873484611511,0.009090380743145943,0.23585888743400574,0.018817095085978508,0.3375193178653717,0.2156418263912201,0.7412158846855164,0.1393565982580185,0.41872578859329224,0.06676138937473297,0.1762920767068863,0.049518436193466187,0.012875630520284176,0.04147234559059143
0.45049428939819336,0.48763811588287354,0.05282963439822197,0.6624460220336914,0.6857966184616089,0.03537026047706604,0.2579154670238495,0.8016911149024963,0.42440393567085266,0.3174249231815338,0.07904847711324692,0.06415937095880508,0.43759989738464355,0.0168682299554348,0.026425253599882126
0.5360139608383179,0.7013952136039734,0.03692467510700226,0.23828859627246857,0.6402257084846497,0.43065252900123596,0.04351862892508507,0.44882360100746155,0.17223504185676575,0.5512860417366028,0.1172526553273201,0.47975754737854004,0.503906786441803,0.024516049772500992,0.08802931010723114
0.8705856800079346,0.6570083498954773,0.5366730690002441,0.7946164608001709,0.7909273505210876,0.7027190327644348,0.8429553508758545,0.843296229839325,0.43539348244667053,0.6258638501167297,0.5736854672431946,0.5535625219345093,0.7605097889900208,0.1572299599647522,0.25847703218460083
0.8088052272796631,0.6704204082489014,0.040762655436992645,0.19035030901432037,0.6247495412826538,0.5589021444320679,0.16878505051136017,0.49387115240097046,0.038436159491539,0.5400498509407043,0.11497322469949722,0.5225568413734436,0.9074603915214539,0.04778965562582016,0.14701637625694275
0.22096067667007446,0.37692466378211975,0.017485762014985085,0.012744802981615067,0.0038581432309001684,0.11665758490562439,0.1095166727900505,0.645569384098053,0.0849824771285057,0.7545662522315979,0.07039552181959152,0.1717458814382553,0.2497117519378662,0.02145533077418804,0.0648166686296463
0.6019842028617859,0.5690852999687195,0.031695082783699036,0.4328612983226776,0.053496137261390686,0.5540894865989685,0.01867077872157097,0.5339575409889221,0.6712027788162231,0.34751567244529724,0.11966322362422943,0.7986671328544617,0.5607314705848694,0.008007028140127659,0.1610163152217865
0.8734809756278992,0.6696222424507141,0.02374259941279888,0.18383434414863586,0.7327744960784912,0.7428075075149536,0.07269255071878433,0.41749268770217896,0.0023182574659585953,0.30730727314949036,0.040425702929496765,0.18916894495487213,0.47003665566444397,0.03967674449086189,0.06442518532276154
0.8464712500572205,0.7305243015289307,0.053818996995687485,0.4983847439289093,0.724234402179718,0.7217901945114136,0.6926583647727966,0.6791653037071228,0.003977810498327017,0.3242363929748535,0.3569682836532593,0.5652639269828796,0.8051671981811523,0.09646541625261307,0.15291674435138702
0.6968803405761719,0.4746139943599701,0.0071485769003629684,0.01980111375451088,0.0010363818146288395,0.29817602038383484,0.000674135924782604,0.0016093170270323753,0.0001693725644145161,0.058887142688035965,0.007434943225234747,0.024489546194672585,0.004227255936712027,0.006289909593760967,0.03159020468592644
0.8870806097984314,0.46875089406967163,0.029796957969665527,0.04236013814806938,0.0026695786509662867,0.8275294899940491,0.006856502499431372,0.2514929175376892,0.0873195230960846,0.6009446382522583,0.05976373329758644,0.15865114331245422,0.11982758343219757,0.01946626603603363,0.04389213025569916
0.47163185477256775,0.21791887283325195,0.039393872022628784,0.4460093080997467,0.030429262667894363,0.07827343791723251,0.00698823481798172,0.05023622885346413,0.8881838917732239,0.6995914578437805,0.037587277591228485,0.06551522016525269,0.021599363535642624,0.00019080085621681064,0.026861535385251045
0.8085112571716309,0.7457615733146667,0.011136033572256565,0.2399621307849884,0.004385101143270731,0.16412222385406494,0.10841478407382965,0.17930570244789124,0.04037383198738098,0.49258798360824585,0.1185436099767685,0.04503738135099411,0.1270500123500824,0.00494370236992836,0.08803088217973709
0.9050322771072388,0.8429993391036987,0.06793534010648727,0.09250527620315552,0.007617000490427017,0.9532719850540161,0.018611731007695198,0.2970043122768402,0.0048510972410440445,0.43263038992881775,0.02402893453836441,0.047918543219566345,0.17584015429019928,0.013816701248288155,0.05664127692580223
0.7710325121879578,0.5110402703285217,0.03252233564853668,0.026083096861839294,0.0036547721829265356,0.5190035104751587,0.03516450524330139,0.2781999111175537,0.0016140553634613752,0.3434179723262787,0.033502090722322464,0.07370035350322723,0.09368746727705002,0.041307348757982254,0.08937910944223404
0.09749605506658554,0.07338755577802658,0.008438029326498508,0.012438644655048847,0.001410927390679717,0.05607740581035614,0.012550653889775276,0.17732137441635132,0.032946500927209854,0.5808064937591553,0.029503727331757545,0.028540482744574547,0.03777763620018959,0.005479337181895971,0.07446058094501495
0.9233118295669556,0.5377514958381653,0.07181810587644577,0.3765588700771332,0.012672971934080124,0.37532493472099304,0.3562956750392914,0.5154703259468079,0.06796253472566605,0.35128048062324524,0.13920585811138153,0.2721306383609772,0.2064252346754074,0.030106637626886368,0.038158707320690155
0.9908949136734009,0.43371838331222534,0.0002177756541641429,0.12387014180421829,0.0006738440715707839,0.0019626389257609844,0.00022442710178438574,0.0035012958105653524,6.253011815715581e-05,0.00488850474357605,0.0021198587492108345,0.0011732345446944237,0.0006690730806440115,0.00025705728330649436,0.007101311814039946
0.9068242311477661,0.8194916248321533,0.2206546515226364,0.44548752903938293,0.12869983911514282,0.3017311990261078,0.4436067044734955,0.8010841608047485,0.21175536513328552,0.5975496768951416,0.2898121774196625,0.5609915256500244,0.522095799446106,0.07294628024101257,0.08963833749294281
0.951988160610199,0.575218915939331,0.34087374806404114,0.42319297790527344,0.2882813811302185,0.38125476241111755,0.24655772745609283,0.5263956785202026,0.04579989239573479,0.536054253578186,0.4432149827480316,0.5980622172355652,0.4779515266418457,0.09068436920642853,0.1354643851518631
0.8468664288520813,0.7862797379493713,0.21935953199863434,0.4758419692516327,0.06213771179318428,0.051424477249383926,0.018776962533593178,0.13039590418338776,0.18367846310138702,0.46201056241989136,0.166542649269104,0.3375124931335449,0.563277542591095,0.02154959924519062,0.07794304192066193
0.8925020098686218,0.7633395195007324,0.49450361728668213,0.557075023651123,0.2722368538379669,0.39462554454803467,0.3988945186138153,0.6674234867095947,0.323961466550827,0.6466832756996155,0.4847027063369751,0.6675413846969604,0.6371836066246033,0.09718693792819977,0.13971763849258423
0.3061407506465912,0.30043214559555054,0.014166601002216339,0.16303269565105438,0.004690814297646284,0.02590762823820114,0.014229848049581051,0.050242166966199875,0.17308436334133148,0.10504501312971115,0.05638650432229042,0.05630747228860855,0.04809204116463661,0.006292618811130524,0.03869154676795006
0.8997474312782288,0.6814302206039429,0.4033105671405792,0.509273886680603,0.10803506523370743,0.11474765092134476,0.15655557811260223,0.34475845098495483,0.2883557379245758,0.527476966381073,0.39741697907447815,0.4193083941936493,0.30641815066337585,0.0291063841432333,0.2352433204650879
0.8460484147071838,0.43048983812332153,0.09581509232521057,0.4519250988960266,0.06397330015897751,0.5871655344963074,0.13661962747573853,0.3484259843826294,0.3503051698207855,0.4031941890716553,0.10192911326885223,0.12071689963340759,0.319431334733963,0.029534097760915756,0.0679067075252533
0.9255405068397522,0.49488556385040283,0.06527110934257507,0.30675169825553894,0.011865487322211266,0.15372832119464874,0.0036851586773991585,0.029772303998470306,0.009873398579657078,0.21145334839820862,0.12440706044435501,0.16122588515281677,0.052433691918849945,0.0036633636336773634,0.03171287104487419
0.765162467956543,0.5534469485282898,0.2348223328590393,0.3880457878112793,0.16847726702690125,0.07777153700590134,0.06258074939250946,0.3028576672077179,0.08436132967472076,0.5529396533966064,0.2273825854063034,0.2524251341819763,0.2926067113876343,0.02161538414657116,0.13407598435878754
0.9267776012420654,0.7013760805130005,0.26391831040382385,0.4315885305404663,0.14973102509975433,0.33466675877571106,0.1420530080795288,0.5775784254074097,0.07318905740976334,0.5671206712722778,0.26075658202171326,0.37502485513687134,0.26370862126350403,0.052016083151102066,0.07746423035860062
0.7738842964172363,0.6904566884040833,0.26453161239624023,0.4178040623664856,0.046049486845731735,0.278352290391922,0.035773470997810364,0.04173629730939865,0.21650438010692596,0.5706232786178589,0.19529058039188385,0.6328656077384949,0.08334174752235413,0.01860947720706463,0.07050563395023346
0.9571453928947449,0.7380157113075256,0.04440140351653099,0.5535282492637634,0.04184754192829132,0.3507896959781647,0.00885955523699522,0.15536046028137207,0.0033170743845403194,0.4021119773387909,0.11521045118570328,0.070167675614357,0.05219033360481262,0.008517276495695114,0.027549538761377335
0.4579647183418274,0.8665091395378113,0.12174034863710403,0.577580451965332,0.15985187888145447,0.18600942194461823,0.033663440495729446,0.5319905877113342,0.029640953987836838,0.4323381781578064,0.17586565017700195,0.36967921257019043,0.7740609049797058,0.06361405551433563,0.3426435887813568
0.005412987899035215,0.09011521190404892,0.0010728705674409866,0.00742697948589921,0.0008422345854341984,0.005350067280232906,0.0005611575907096267,0.015689754858613014,0.00015133764827623963,0.010642243549227715,0.0032641845755279064,0.019163908436894417,0.011219828389585018,0.0013459663605317473,0.017980143427848816
0.7785220146179199,0.7144825458526611,0.5625428557395935,0.5629337430000305,0.47008877992630005,0.5424977540969849,0.38310131430625916,0.7388778328895569,0.426536500453949,0.6059003472328186,0.4483167231082916,0.7198602557182312,0.7743731141090393,0.13911360502243042,0.2347911149263382
0.036301568150520325,0.14614640176296234,0.006849363446235657,0.01676788367331028,0.001302247983403504,0.019785771146416664,0.0035989161115139723,0.029394302517175674,0.0013728452613577247,0.31870391964912415,0.019470902159810066,0.06346800178289413,0.035328205674886703,0.0059123048558831215,0.048042312264442444
0.032171644270420074,0.18137264251708984,0.03655938059091568,0.14696645736694336,0.004402189515531063,0.0894695445895195,0.04308347776532173,0.12511882185935974,0.06339049339294434,0.17867299914360046,0.03753006458282471,0.034893639385700226,0.031008824706077576,0.0068349773064255714,0.21117495000362396
0.5528571009635925,0.5506642460823059,0.4348636269569397,0.1236417293548584,0.11848409473896027,0.09050674736499786,0.3318929970264435,0.3891514241695404,0.03582250699400902,0.8038197755813599,0.17427515983581543,0.8059808611869812,0.5954405665397644,0.11185891926288605,0.01858195848762989
0.737750232219696,0.5645577907562256,0.4205923080444336,0.2356174886226654,0.21261395514011383,0.18154795467853546,0.3619798421859741,0.4908316731452942,0.1354764997959137,0.5081155896186829,0.3064148724079132,0.7018154263496399,0.6584585905075073,0.0756850615143776,0.08045030385255814
0.5580458045005798,0.28057861328125,0.35501936078071594,0.06562227755784988,0.06717704981565475,0.15787997841835022,0.49489927291870117,0.459977388381958,0.0551769845187664,0.5950890779495239,0.3042382597923279,0.7274089455604553,0.6686370372772217,0.07789581269025803,0.05270732566714287
0.782706081867218,0.8117110729217529,0.6641266942024231,0.7939226627349854,0.5204893350601196,0.6169870495796204,0.46394702792167664,0.6852297186851501,0.583115816116333,0.8197466135025024,0.6330717206001282,0.8820907473564148,0.7412764430046082,0.15991361439228058,0.19548261165618896
0.5946829319000244,0.5693995952606201,0.17706722021102905,0.2307346612215042,0.1246296614408493,0.2696421146392822,0.24392810463905334,0.5077496767044067,0.22513523697853088,0.7311049699783325,0.21131913363933563,0.5060859322547913,0.5297159552574158,0.05493022873997688,0.10785076022148132
0.3621681332588196,0.6084114909172058,0.03216659277677536,0.03783585503697395,0.015949033200740814,0.2795241177082062,0.007247536443173885,0.06183778867125511,0.0002615470439195633,0.08809597790241241,0.08085432648658752,0.7976625561714172,0.563581645488739,0.011568406596779823,0.028788471594452858
0.04840853810310364,0.04797402396798134,0.0033859508112072945,0.0033683108631521463,0.001750548486597836,0.011209744028747082,0.0005489449831657112,0.019307738170027733,0.0008581277215853333,0.0547637939453125,0.002648046473041177,0.01691196672618389,0.006533185485750437,0.0014125278685241938,0.08245475590229034
0.007376725785434246,0.07275805622339249,0.0002055302174994722,0.0003856498806271702,0.0004111208545509726,0.02508685551583767,0.00024998700246214867,0.0005815603653900325,0.00030824626446701586,0.005991724319756031,0.0009187391842715442,0.016966495662927628,0.005220097955316305,0.00024248538829851896,0.016853565350174904
0.8645657300949097,0.5865349173545837,0.3458753228187561,0.07518475502729416,0.006339868064969778,0.38694748282432556,0.7662158012390137,0.8345606923103333,0.4536992907524109,0.7226963043212891,0.06157810613512993,0.16689908504486084,0.630463719367981,0.05448529124259949,0.054837100207805634
0.07310367375612259,0.054907649755477905,0.0076303984969854355,0.003302209544926882,0.0012634622398763895,0.03520646318793297,0.001545821432955563,0.019846128299832344,0.0004084444954060018,0.078571617603302,0.005344009026885033,0.006571528036147356,0.00904945470392704,0.0007975412881933153,0.11232882738113403
0.8082331418991089,0.5997822880744934,0.4130539000034332,0.466122031211853,0.28618162870407104,0.3153088092803955,0.5315870642662048,0.7491295337677002,0.31399863958358765,0.8116743564605713,0.38899657130241394,0.7831400632858276,0.7462857961654663,0.178975448012352,0.19717556238174438
0.7146320343017578,0.5762118101119995,0.6788173913955688,0.706560492515564,0.5762960910797119,0.24448533356189728,0.42317089438438416,0.7262247204780579,0.5896977782249451,0.6108515858650208,0.3885380029678345,0.7729173302650452,0.6797844767570496,0.1724824756383896,0.07548394054174423
0.25558146834373474,0.1307261884212494,0.026540538296103477,0.022317159920930862,0.0047935787588357925,0.055741071701049805,0.04192794859409332,0.10524960607290268,0.0035607358440756798,0.22219553589820862,0.020364325493574142,0.1038399338722229,0.15002554655075073,0.009470639750361443,0.1393822282552719
0.5742194056510925,0.423614501953125,0.3728348910808563,0.01220526359975338,0.01302664540708065,0.02771131321787834,0.18197986483573914,0.29833826422691345,0.06044432148337364,0.8307754397392273,0.13055826723575592,0.8437555432319641,0.2262546718120575,0.005747786723077297,0.019361112266778946
0.29180556535720825,0.503883957862854,0.0014328688848763704,0.00909823551774025,0.0017472082981839776,0.1865915060043335,0.002032999647781253,0.2946245074272156,0.0004450870619621128,0.13520045578479767,0.015371452085673809,0.2761536240577698,0.12565544247627258,0.007492580451071262,0.0893748477101326
0.6209125518798828,0.05551425740122795,0.2590300142765045,0.009472597390413284,0.01317791547626257,0.01777603290975094,0.17777447402477264,0.6435692310333252,0.04459964483976364,0.8031134009361267,0.048742737621068954,0.5803788900375366,0.6197214126586914,0.032183557748794556,0.016099145635962486
0.013095815666019917,0.46884459257125854,0.0017317989841103554,0.022661110386252403,0.0021405897568911314,0.0036587705835700035,0.25047609210014343,0.602713942527771,0.15144650638103485,0.23557502031326294,0.014313249848783016,0.11997736245393753,0.020210331305861473,0.010582784190773964,0.026087220758199692
0.47514471411705017,0.35052061080932617,0.00355695397593081,0.002959851874038577,0.0007580156670883298,0.09805035591125488,0.0014132040087133646,0.11884934455156326,0.0013926168903708458,0.022411638870835304,0.044717490673065186,0.07713869959115982,0.21761438250541687,0.0033085416071116924,0.01734263263642788
0.1368105709552765,0.1285756528377533,0.013057449832558632,0.033217042684555054,0.006560801528394222,0.04972448945045471,0.005067830439656973,0.7020045518875122,0.0014710413524881005,0.06370453536510468,0.042326655238866806,0.2958204746246338,0.11980023980140686,0.008475790731608868,0.04813879355788231
0.5954151153564453,0.5867650508880615,0.009086254052817822,0.04209579899907112,0.008096614852547646,0.19815020263195038,0.00905198697000742,0.3526315689086914,0.0003045931807719171,0.20110255479812622,0.03444744274020195,0.3790097236633301,0.22934621572494507,0.0056733316741883755,0.04970990866422653
0.8352165222167969,0.5508273839950562,0.25702518224716187,0.17820772528648376,0.07461361587047577,0.08567194640636444,0.32179561257362366,0.7531501054763794,0.04528435692191124,0.7936266660690308,0.18777941167354584,0.730131983757019,0.679067075252533,0.09455035626888275,0.17605650424957275
0.6704402565956116,0.6825607419013977,0.36125412583351135,0.40833690762519836,0.1883685439825058,0.39587920904159546,0.6343240141868591,0.8510783314704895,0.5749793648719788,0.6891624331474304,0.3469260036945343,0.6925972700119019,0.6035377979278564,0.11461691558361053,0.18930582702159882
0.5954151153564453,0.5867650508880615,0.009086254052817822,0.04209579899907112,0.008096614852547646,0.19815020263195038,0.00905198697000742,0.3526315689086914,0.0003045931807719171,0.20110255479812622,0.03444744274020195,0.3790099024772644,0.22934675216674805,0.005673359148204327,0.04970990866422653
0.8352165222167969,0.5508273839950562,0.25702518224716187,0.17820772528648376,0.07461361587047577,0.08567194640636444,0.32179561257362366,0.7531501054763794,0.04528435692191124,0.7936266660690308,0.18777941167354584,0.730131983757019,0.6790673136711121,0.09455036371946335,0.17605674266815186
0.18702979385852814,0.48080793023109436,0.0014080882538110018,0.0047333561815321445,0.0006028912030160427,0.6089600920677185,0.000228892095037736,0.42853525280952454,0.00011084401194239035,0.02928631566464901,0.032120831310749054,0.04020730033516884,0.0066390736028552055,0.0007688411860726774,0.11002535372972488
0.41907426714897156,0.2877376973628998,0.07217081636190414,0.024007750675082207,0.006371501833200455,0.042893603444099426,0.007802785839885473,0.30776944756507874,0.0012372368946671486,0.14267267286777496,0.047603677958250046,0.06825418770313263,0.10180271416902542,0.012596769258379936,0.13516740500926971
0.8403184413909912,0.8917813897132874,0.12075777351856232,0.18873466551303864,0.11059398949146271,0.30152156949043274,0.46023979783058167,0.8662598133087158,0.08297278732061386,0.8080804347991943,0.19391310214996338,0.5321149230003357,0.6627416610717773,0.06804703176021576,0.15791596472263336
0.006896039471030235,0.25861623883247375,0.0015555658610537648,0.03477391228079796,0.13746675848960876,0.0343809500336647,0.0033955182880163193,0.10617992281913757,0.0025605440605431795,0.004925932269543409,0.008424634113907814,0.2716267704963684,0.0674704909324646,0.0014733553398400545,0.01013939455151558
0.33730021119117737,0.3677576184272766,0.15702149271965027,0.05278029292821884,0.0589248463511467,0.01757648214697838,0.16498306393623352,0.6030969619750977,0.35453787446022034,0.8118821978569031,0.115865059196949,0.5868089199066162,0.34649327397346497,0.04114251583814621,0.06821798533201218
0.6370100975036621,0.6373486518859863,0.5896625518798828,0.33297863602638245,0.3510627746582031,0.10195383429527283,0.5423121452331543,0.6230884790420532,0.5068297386169434,0.7478883266448975,0.6508588790893555,0.79477459192276,0.6523732542991638,0.10832226276397705,0.06155483052134514
0.5434157252311707,0.8018912672996521,0.3302296996116638,0.6296814680099487,0.5441659688949585,0.7270911335945129,0.5536907911300659,0.5763462781906128,0.6100879907608032,0.6091122031211853,0.31013578176498413,0.6616888046264648,0.5650448203086853,0.1390574872493744,0.11049962043762207
0.7126060724258423,0.6597650051116943,0.2991994023323059,0.01566987857222557,0.15758313238620758,0.22696684300899506,0.4255833327770233,0.6487700939178467,0.15778474509716034,0.7468143701553345,0.22786282002925873,0.7467639446258545,0.7437281012535095,0.10723281651735306,0.0912351906299591
0.8262994885444641,0.6494479179382324,0.7382635474205017,0.4483833909034729,0.4382697343826294,0.6581765413284302,0.5623323321342468,0.7811986207962036,0.6237993836402893,0.654262363910675,0.5024861693382263,0.8300809264183044,0.7608258128166199,0.23962156474590302,0.21030396223068237
0.4596485495567322,0.527808666229248,0.19902026653289795,0.026535389944911003,0.02269861474633217,0.09345134347677231,0.21440385282039642,0.7548921704292297,0.17148010432720184,0.7265680432319641,0.16102004051208496,0.47395989298820496,0.3706691563129425,0.014093471691012383,0.06697964668273926
0.16798283159732819,0.34753865003585815,0.21203994750976562,0.01126181147992611,0.0046206749975681305,0.07319973409175873,0.08224464952945709,0.8831138610839844,0.004482313059270382,0.7121700048446655,0.2521417737007141,0.5098978281021118,0.20423933863639832,0.08422336727380753,0.10158701986074448
0.5827145576477051,0.544098973274231,0.27134397625923157,0.14098869264125824,0.2185899317264557,0.30433422327041626,0.549798846244812,0.9022040367126465,0.023056067526340485,0.8419778347015381,0.39685189723968506,0.7710964679718018,0.7095780968666077,0.18108858168125153,0.09779328107833862
0.28407177329063416,0.6801363229751587,0.06531159579753876,0.10934421420097351,0.059763114899396896,0.09073077142238617,0.5804471373558044,0.6688941717147827,0.012443248182535172,0.6822369694709778,0.08552435785531998,0.2945244014263153,0.4130650460720062,0.020486945286393166,0.1603967547416687
0.17643903195858002,0.5899970531463623,0.8432421684265137,0.4699957072734833,0.029929131269454956,0.027490610256791115,0.001839546486735344,0.028794579207897186,0.0004073630552738905,0.4268321692943573,0.45533066987991333,0.5616568922996521,0.15464748442173004,0.052904803305864334,0.07496456056833267
0.4206230938434601,0.44131240248680115,0.14351718127727509,0.029287798330187798,0.02214420773088932,0.15551163256168365,0.3547506332397461,0.9556615948677063,0.013812806457281113,0.8433792591094971,0.1720564365386963,0.9079692959785461,0.6151787042617798,0.20030802488327026,0.1518259197473526
0.7200729846954346,0.5784265995025635,0.4207044541835785,0.5751294493675232,0.15641537308692932,0.22492684423923492,0.515879213809967,0.717889130115509,0.42541638016700745,0.7602787613868713,0.2781940698623657,0.5437293648719788,0.7378036975860596,0.0733293890953064,0.07935122400522232
0.24481719732284546,0.7605431079864502,0.06284113973379135,0.01399151049554348,0.007722822483628988,0.14400532841682434,0.4354288876056671,0.9824700951576233,0.005247359164059162,0.2106158286333084,0.17078939080238342,0.07509074360132217,0.05266037583351135,0.1163170114159584,0.09278292953968048
0.8141711354255676,0.8002858757972717,0.6597377061843872,0.6760715246200562,0.5762073397636414,0.6313679218292236,0.673488438129425,0.8174999952316284,0.42489010095596313,0.7365491390228271,0.5523426532745361,0.8243101835250854,0.7817836403846741,0.17814157903194427,0.443147748708725
0.7642363905906677,0.72545325756073,0.3461000323295593,0.41415107250213623,0.2458888441324234,0.45731034874916077,0.4614543616771698,0.6025940179824829,0.29509106278419495,0.6655921339988708,0.3713361620903015,0.6797260046005249,0.6842533349990845,0.11794120818376541,0.1574828326702118
0.8237864375114441,0.8370280861854553,0.7100165486335754,0.7348548173904419,0.6164562702178955,0.7425592541694641,0.7973753213882446,0.7891101241111755,0.5890312790870667,0.6799597144126892,0.6261367201805115,0.8366150259971619,0.8041576743125916,0.37184765934944153,0.4400005340576172
0.7925792336463928,0.7070928812026978,0.4983254075050354,0.49873387813568115,0.22306925058364868,0.48379483819007874,0.6833285689353943,0.8958240747451782,0.6519568562507629,0.7026193737983704,0.3288459777832031,0.6745896935462952,0.6330482363700867,0.13993261754512787,0.08005760610103607
0.34316983819007874,0.531378984451294,0.008208218030631542,0.03435402363538742,0.018022604286670685,0.14365650713443756,0.0197127778083086,0.3862029016017914,0.0003937881556339562,0.19047780334949493,0.04120904207229614,0.4788544476032257,0.1675260066986084,0.017312832176685333,0.08198340982198715
0.0687234178185463,0.01728283055126667,0.0036341578233987093,0.0013847893569618464,0.0007432212005369365,0.07526636868715286,0.0004152860783506185,0.01170127559453249,0.00018971870304085314,0.00456972885876894,0.00483666779473424,0.03441997617483139,0.009082605130970478,0.0017399269854649901,0.005840785801410675
0.026664985343813896,0.09572871029376984,0.00505445571616292,0.008107587695121765,0.0013711925130337477,0.022928625345230103,0.003335138550028205,0.04116484895348549,0.0016974746249616146,0.018072092905640602,0.013803579844534397,0.025531915947794914,0.051976948976516724,0.0020583439618349075,0.03208227828145027
0.500254213809967,0.3251055181026459,0.18381735682487488,0.2377903312444687,0.22499366104602814,0.1163467988371849,0.29643067717552185,0.6930471062660217,0.6016764640808105,0.7142311930656433,0.20805127918720245,0.6251376271247864,0.557945728302002,0.10968444496393204,0.04976727440953255
0.7939240336418152,0.6342394351959229,0.37021604180336,0.5482209324836731,0.28088662028312683,0.4312008321285248,0.5233584642410278,0.6636727452278137,0.4459916055202484,0.6120356917381287,0.452718585729599,0.721867024898529,0.6181355714797974,0.14848719537258148,0.15362751483917236
0.11136313527822495,0.41872459650039673,0.02149537205696106,0.033500440418720245,0.006281982641667128,0.008502871729433537,0.0036732435692101717,0.11494382470846176,0.0013159415684640408,0.15570594370365143,0.033839356154203415,0.03100827895104885,0.05510752648115158,0.011018774472177029,0.06882231682538986
0.6922643184661865,0.38752979040145874,0.12989801168441772,0.03847433254122734,0.0264593493193388,0.016541164368391037,0.38238292932510376,0.6229228973388672,0.15936382114887238,0.49077919125556946,0.045640263706445694,0.3028029799461365,0.5368660092353821,0.06299248337745667,0.041858430951833725
0.28646665811538696,0.47625425457954407,0.04609358683228493,0.031028738245368004,0.03597448393702507,0.0246722474694252,0.286725252866745,0.5097190737724304,0.15713432431221008,0.5010291934013367,0.0826658234000206,0.23709122836589813,0.09871288388967514,0.03272450715303421,0.041666291654109955
0.8095181584358215,0.7098698616027832,0.6520629525184631,0.5496692061424255,0.42314934730529785,0.6398310661315918,0.5370844006538391,0.7204947471618652,0.3231506049633026,0.8171155452728271,0.6293085217475891,0.9339079856872559,0.802834689617157,0.14713799953460693,0.8723661303520203
0.25524020195007324,0.6452223658561707,0.37362322211265564,0.44075003266334534,0.14858034253120422,0.2385864406824112,0.3853086531162262,0.4832075238227844,0.46870627999305725,0.7623684406280518,0.3107629418373108,0.5776492357254028,0.4480699896812439,0.1609470248222351,0.15163709223270416
0.4387838840484619,0.46491342782974243,0.32097217440605164,0.22176942229270935,0.1593722552061081,0.20203574001789093,0.3614884614944458,0.5129474401473999,0.4412452280521393,0.8816829323768616,0.2629556953907013,0.7331717014312744,0.6688783764839172,0.06880345195531845,0.03585316613316536
0.802790641784668,0.7936891317367554,0.6418368816375732,0.6361159086227417,0.513966977596283,0.9354574680328369,0.836738646030426,0.799152135848999,0.743710458278656,0.735566258430481,0.4506737291812897,0.7339522242546082,0.6549881100654602,0.20747274160385132,0.282121866941452
0.2825298309326172,0.5840434432029724,0.5328607559204102,0.14412237703800201,0.03868718445301056,0.12064629048109055,0.3596664369106293,0.5315226316452026,0.5501214265823364,0.6960270404815674,0.22689586877822876,0.5753450989723206,0.35822394490242004,0.05553903430700302,0.044628262519836426
0.6938620805740356,0.5715683698654175,0.37689727544784546,0.33573755621910095,0.17023158073425293,0.26234719157218933,0.45536941289901733,0.7590173482894897,0.4922366142272949,0.8729594945907593,0.2714802920818329,0.6085155010223389,0.5604755282402039,0.08874731510877609,0.08504787087440491
0.8149977326393127,0.8028042912483215,0.7344348430633545,0.7215319275856018,0.538050651550293,0.5882264375686646,0.521294116973877,0.7661901116371155,0.561909556388855,0.8389202952384949,0.5661512017250061,0.8903719186782837,0.790388822555542,0.19209778308868408,0.2946133613586426
0.09754157066345215,0.4370569586753845,0.06692314893007278,0.2835689187049866,0.15926221013069153,0.01149148028343916,0.09599321335554123,0.19625505805015564,0.12430205196142197,0.5110582113265991,0.01975611224770546,0.2233487218618393,0.061991382390260696,0.014855721965432167,0.005947652272880077
0.4758148193359375,0.43404147028923035,0.5678622126579285,0.26785218715667725,0.27524682879447937,0.06744138151407242,0.46009188890457153,0.5465428233146667,0.38158905506134033,0.6006902456283569,0.23697277903556824,0.7648407816886902,0.6723130941390991,0.10250966250896454,0.06670460850000381
0.3778633177280426,0.6205857396125793,0.003104190342128277,0.007894279435276985,0.0011270170798525214,0.23720122873783112,0.0003476709534879774,0.04642989858984947,5.226687790127471e-05,0.01433186512440443,0.07138963788747787,0.6230906844139099,0.09851088374853134,0.0012716782512143254,0.08362997323274612
0.8125938177108765,0.8058931231498718,0.5855141878128052,0.6539406776428223,0.8034858703613281,0.4229198098182678,0.3053233027458191,0.5353060960769653,0.675524115562439,0.8505061268806458,0.36652109026908875,0.7426292896270752,0.6091383695602417,0.1342872530221939,0.20653241872787476
0.022066233679652214,0.00958483386784792,0.002375194802880287,0.001271305838599801,0.0010184741113334894,0.0018041054718196392,0.0014455702621489763,0.008706827647984028,0.0009763860725797713,0.5732063055038452,0.004306316841393709,0.017580397427082062,0.012339775450527668,0.004082308616489172,0.006996840704232454
0.5758708119392395,0.741476833820343,0.5592406392097473,0.3505682349205017,0.3464592695236206,0.16799648106098175,0.5415382385253906,0.5862734913825989,0.5475908517837524,0.7704446315765381,0.48231831192970276,0.7895514965057373,0.7700729966163635,0.20952150225639343,0.1832055002450943
0.7820459604263306,0.7330577969551086,0.4679549038410187,0.41827845573425293,0.34662196040153503,0.7126273512840271,0.7286203503608704,0.5240118503570557,0.3922884166240692,0.7142783403396606,0.3852628469467163,0.6602047085762024,0.7395076751708984,0.18603360652923584,0.2151229977607727
0.9080565571784973,0.7722287178039551,0.8357576727867126,0.8908043503761292,0.6642937064170837,0.8670932650566101,0.6040945053100586,0.7055602073669434,0.6433953046798706,0.6539914011955261,0.6479898691177368,0.867796003818512,0.7628489136695862,0.21448102593421936,0.5079444050788879
0.2882040739059448,0.6239354014396667,0.009465803392231464,0.042883146554231644,0.004770468454807997,0.5589222311973572,0.006044616457074881,0.18502235412597656,0.000184220916708,0.1219908744096756,0.0470033697783947,0.5801934599876404,0.37489187717437744,0.08859734982252121,0.15050487220287323
0.900604248046875,0.6472140550613403,0.0037748287431895733,0.02313012070953846,0.003986698109656572,0.7240987420082092,0.002187263686209917,0.2639256715774536,0.00021368067245930433,0.16790464520454407,0.020549573004245758,0.18975234031677246,0.43755903840065,0.17579758167266846,0.0921349823474884
0.8831066489219666,0.6995015740394592,0.002820424735546112,0.03158663958311081,0.019644254818558693,0.834368884563446,0.008221223019063473,0.5368974208831787,0.00019714109657797962,0.43652522563934326,0.027053598314523697,0.20405147969722748,0.27961334586143494,0.017477406188845634,0.05522299185395241
0.3897138237953186,0.4171334207057953,0.03853907063603401,0.028129948303103447,0.01743892766535282,0.22828754782676697,0.013076100498437881,0.17111822962760925,0.00016034099098760635,0.14566467702388763,0.13514399528503418,0.7109910249710083,0.5177127718925476,0.6172442436218262,0.10330750793218613
0.33368802070617676,0.42279210686683655,0.3952537477016449,0.5656116604804993,0.5819316506385803,0.09882420301437378,0.377399742603302,0.5089494585990906,0.41188204288482666,0.6924732327461243,0.5048869848251343,0.7867732644081116,0.5577277541160583,0.015440455637872219,0.2576781213283539
0.7991148829460144,0.6130699515342712,0.41131946444511414,0.6436694860458374,0.3746567666530609,0.7524629831314087,0.4546455442905426,0.6240857839584351,0.4283035099506378,0.6044816970825195,0.40806496143341064,0.6529735922813416,0.6450493335723877,0.14961150288581848,0.2376965433359146
0.9094605445861816,0.8175082802772522,0.8410943746566772,0.8983117341995239,0.7236234545707703,0.8977546095848083,0.7064788937568665,0.7559302449226379,0.606151282787323,0.7020787596702576,0.6885803937911987,0.8717495799064636,0.7720908522605896,0.22356823086738586,0.7099960446357727
0.8484265804290771,0.921759843826294,0.0036725965328514576,0.2353993058204651,0.003372875740751624,0.062393564730882645,0.002464037388563156,0.3728173077106476,0.00019707951287273318,0.2849448323249817,0.009441276080906391,0.05223299562931061,0.09711583703756332,0.01087979506701231,0.2141871154308319
0.8174999952316284,0.6779628396034241,0.12899000942707062,0.14223967492580414,0.004084540065377951,0.2793984115123749,0.009522235952317715,0.4855334758758545,0.0016204958083108068,0.3683438301086426,0.04615950956940651,0.1358480155467987,0.06368783861398697,0.021795039996504784,0.06587187945842743
0.1823023557662964,0.4224386513233185,0.0032745772041380405,0.01239463035017252,0.004126191604882479,0.10919313132762909,0.06845863163471222,0.2772379219532013,0.0023592987563461065,0.49714142084121704,0.015312421135604382,0.07224487513303757,0.16972577571868896,0.018275007605552673,0.06585540622472763
0.7458810210227966,0.5758168697357178,0.03729940578341484,0.12299465388059616,0.036570824682712555,0.2903786599636078,0.5447189807891846,0.9101558923721313,0.01788027584552765,0.6853727102279663,0.07470419257879257,0.43474528193473816,0.48563385009765625,0.025217343121767044,0.0746598020195961
0.6588212251663208,0.40540623664855957,0.3700958788394928,0.26940807700157166,0.15421992540359497,0.3277227282524109,0.4164202809333801,0.8175625801086426,0.41348230838775635,0.7485799789428711,0.3135930597782135,0.6458753347396851,0.6258572340011597,0.12213017791509628,0.041419412940740585
0.8972460031509399,0.9250902533531189,0.050841860473155975,0.18170587718486786,0.006968812085688114,0.22672823071479797,0.010884120129048824,0.24802681803703308,0.0015358697855845094,0.32383251190185547,0.07089884579181671,0.1796586513519287,0.26588547229766846,0.02020348235964775,0.19792914390563965
0.8542414307594299,0.6969709396362305,0.8963057398796082,0.9099913835525513,0.6151923537254333,0.6902004480361938,0.569656252861023,0.7838838696479797,0.7270699143409729,0.7312569618225098,0.45516806840896606,0.8668735027313232,0.7095640301704407,0.17248471081256866,0.23796972632408142
0.9808657169342041,0.8323587775230408,0.1894773542881012,0.9053004384040833,0.2836027145385742,0.358473002910614,0.04568473622202873,0.6690798997879028,0.5719367861747742,0.8943385481834412,0.1484692096710205,0.8825801014900208,0.32209262251853943,0.0280910674482584,0.24551407992839813
0.8295321464538574,0.8869192004203796,0.8307012319564819,0.8689199686050415,0.798871636390686,0.9408251047134399,0.8311682939529419,0.8467786312103271,0.854526698589325,0.7680416703224182,0.8639994263648987,0.8236704468727112,0.7851173877716064,0.35183167457580566,0.23312534391880035
0.9550727009773254,0.6735835671424866,0.7173874378204346,0.5952242612838745,0.3351397216320038,0.44311556220054626,0.6246408820152283,0.7210639119148254,0.569959819316864,0.8296947479248047,0.3647781014442444,0.8793663382530212,0.8072773814201355,0.1087120771408081,0.08437944948673248
0.840425968170166,0.7927219271659851,0.0061776116490364075,0.10985811054706573,0.002110949018970132,0.11580340564250946,0.0013045185478404164,0.01645880937576294,6.915252015460283e-05,0.24320055544376373,0.055839791893959045,0.8580306768417358,0.03951569274067879,0.017904993146657944,0.09628548473119736
0.055904731154441833,0.5610999464988708,0.009499424137175083,0.15513400733470917,0.001594931585714221,0.015220468863844872,0.058468595147132874,0.21745459735393524,0.17538213729858398,0.5574761629104614,0.031050466001033783,0.3145411014556885,0.07912313938140869,0.006803674157708883,0.12848350405693054
0.45700427889823914,0.84987872838974,0.0034410974476486444,0.08744359761476517,0.003639931557700038,0.08657005429267883,0.0017795399762690067,0.06376145780086517,0.00011657267168629915,0.14855366945266724,0.017534306272864342,0.03570609912276268,0.04277244210243225,0.0051319291815161705,0.18794208765029907
0.8168320655822754,0.7154698371887207,0.03255936875939369,0.25214776396751404,0.00447859475389123,0.47187596559524536,0.009871029295027256,0.17360150814056396,0.0005238361773081124,0.22987020015716553,0.021586664021015167,0.061065372079610825,0.07062593847513199,0.003600218566134572,0.08721781522035599
0.6551044583320618,0.24354462325572968,0.06794018298387527,0.5039339661598206,0.1375051885843277,0.20980972051620483,0.19957010447978973,0.45472756028175354,0.22422005236148834,0.3544650673866272,0.1955661028623581,0.2373531311750412,0.16704696416854858,0.007592163980007172,0.13374246656894684
0.8324448466300964,0.4127604365348816,0.016925720497965813,0.05963018909096718,0.00289200060069561,0.15686878561973572,0.007928973063826561,0.018219834193587303,0.010754946619272232,0.2188127636909485,0.017478251829743385,0.0472014918923378,0.02248263917863369,0.008064568974077702,0.06961891055107117
0.9365787506103516,0.6748253107070923,0.13063465058803558,0.4620850384235382,0.0743715763092041,0.5009397268295288,0.015534874983131886,0.5306423902511597,0.0034382352605462074,0.7254256010055542,0.3513372242450714,0.8353208303451538,0.7271498441696167,0.08046139031648636,0.09945080429315567
0.8303802013397217,0.42774489521980286,0.24189159274101257,0.032074812799692154,0.14562907814979553,0.10986591875553131,0.5732429027557373,0.614104688167572,0.32993632555007935,0.7840584516525269,0.16611692309379578,0.6801878809928894,0.6625304222106934,0.08038460463285446,0.07659739255905151
0.9301754832267761,0.8518213033676147,0.8607491254806519,0.9034348726272583,0.7792913913726807,0.8881500363349915,0.691849946975708,0.778627336025238,0.6521304249763489,0.7221494913101196,0.7003255486488342,0.8724988102912903,0.7778369188308716,0.2369549423456192,0.6294329166412354
0.9271438121795654,0.8961036205291748,0.6767591834068298,0.7988173961639404,0.6088471412658691,0.8567887544631958,0.7314335703849792,0.8178505897521973,0.7568390369415283,0.901886522769928,0.7418063879013062,0.8605420589447021,0.5842686891555786,0.00038374599535018206,0.10263019800186157
0.9700447916984558,0.9463129043579102,0.07533238083124161,0.2513660788536072,0.009266767650842667,0.14000868797302246,0.00882480014115572,0.4341539144515991,0.003323654178529978,0.722341001033783,0.05291122570633888,0.2642137408256531,0.1495293825864792,0.0309237539768219,0.17019857466220856
0.965606153011322,0.9210370779037476,0.06797097623348236,0.24582427740097046,0.03127501532435417,0.4642917215824127,0.014300093054771423,0.5272664427757263,0.0009424304007552564,0.8028520345687866,0.1660376936197281,0.5951859951019287,0.28266021609306335,0.048005543649196625,0.22685182094573975
0.9258421063423157,0.8844531178474426,0.018745074048638344,0.31823429465293884,0.03395969793200493,0.5332959294319153,0.1079970970749855,0.6890923976898193,0.0313040129840374,0.40049609541893005,0.19261422753334045,0.4464266300201416,0.902168869972229,0.003982906229794025,0.04204091429710388
0.7410125732421875,0.6610900163650513,0.4488987624645233,0.09089737385511398,0.0823102593421936,0.3326999247074127,0.38942453265190125,0.8341407775878906,0.31017011404037476,0.796156644821167,0.3066116273403168,0.6658166646957397,0.5435153245925903,0.01347010675817728,0.10842636972665787
0.7201275825500488,0.5329525470733643,0.38941827416419983,0.48018011450767517,0.3408351540565491,0.465677410364151,0.4985998868942261,0.6983970999717712,0.4420877695083618,0.7428272366523743,0.35810863971710205,0.7438805103302002,0.635181188583374,0.17948848009109497,0.14844104647636414
0.00560764828696847,0.13331323862075806,0.0011189436772838235,0.004053132608532906,0.0035345349460840225,0.01360881794244051,0.0008595992694608867,0.08879800140857697,0.00018136744620278478,0.022513099014759064,0.0033013937063515186,0.38052475452423096,0.15475021302700043,0.003160744672641158,0.013011868111789227
0.39770272374153137,0.13640715181827545,0.013441006653010845,0.02465689554810524,0.030252158641815186,0.1014617308974266,0.03516647219657898,0.08677014708518982,0.00046370233758352697,0.33515480160713196,0.07076910883188248,0.4670559763908386,0.2977733016014099,0.006373567972332239,0.15848612785339355
0.6434042453765869,0.43959590792655945,0.18420591950416565,0.38673222064971924,0.16892264783382416,0.10339595377445221,0.24823138117790222,0.6479825973510742,0.34169280529022217,0.4180336892604828,0.2326321303844452,0.6955402493476868,0.4010847210884094,0.1617259979248047,0.1544276624917984
0.011613884940743446,0.6668801307678223,0.0020557045936584473,0.6627745032310486,0.038140926510095596,0.8869808912277222,0.015292512252926826,0.3755872845649719,0.005432126112282276,0.31280457973480225,0.3793603479862213,0.07457064837217331,0.9273927211761475,0.11996570974588394,0.23134323954582214
0.012473799288272858,0.3297235369682312,0.021211788058280945,0.09930248558521271,0.006339546293020248,0.026233725249767303,0.004928894340991974,0.028478048741817474,0.0007815293502062559,0.4411202073097229,0.0984354242682457,0.09951052069664001,0.005886576604098082,0.006646797060966492,0.11779595911502838
0.2551442086696625,0.7840419411659241,0.6097531318664551,0.7533488869667053,0.39347749948501587,0.5392733216285706,0.4725121259689331,0.5519729852676392,0.41668862104415894,0.589057981967926,0.18722902238368988,0.5369328856468201,0.672558069229126,0.15094229578971863,0.0036588520742952824
0.0032919798977673054,0.05522870272397995,0.0007283556624315679,0.15341663360595703,0.008653372526168823,0.045863550156354904,0.01376707386225462,0.019613228738307953,0.3570963144302368,0.10720421373844147,0.004069440066814423,0.07788863033056259,0.30328935384750366,0.005119575187563896,0.030031166970729828
0.031364623457193375,0.4994547665119171,0.0016917050816118717,0.3814738690853119,0.04820815101265907,0.0077140419743955135,0.0009136961307376623,0.14217768609523773,0.039924271404743195,0.030440954491496086,0.07472813874483109,0.00702556362375617,0.00221560918726027,0.11359985917806625,0.16310569643974304
0.010578484274446964,0.010814880952239037,0.0013962285593152046,0.1059805378317833,0.0008387636626139283,0.0014246638165786862,0.0004303514724597335,0.19772306084632874,0.021087704226374626,0.0017912705661728978,0.006125358399003744,0.0010422837221994996,0.0019590016454458237,0.003298517083749175,0.017470013350248337
0.6469418406486511,0.8180197477340698,0.4153940677642822,0.5952293276786804,0.5724763870239258,0.4876428246498108,0.5044810175895691,0.4353122115135193,0.4190675616264343,0.588424563407898,0.48229679465293884,0.789358377456665,0.5164082646369934,0.12717604637145996,0.020097870379686356
0.0017364583909511566,0.03161792829632759,0.005519228056073189,0.03352406248450279,0.012139219790697098,0.0030204863287508488,0.0007822045590728521,0.020406484603881836,0.003050378756597638,0.0024532692041248083,0.004502750001847744,0.008654557168483734,0.003019588300958276,0.0039727212861180305,0.005364526528865099
0.8047908544540405,0.6557817459106445,0.21784932911396027,0.4580170512199402,0.19600942730903625,0.39004912972450256,0.42214423418045044,0.7181280851364136,0.2405185103416443,0.705889880657196,0.3247986435890198,0.45325711369514465,0.4623080790042877,0.2107592672109604,0.8570556044578552
0.7629870176315308,0.43576255440711975,0.29439985752105713,0.22089868783950806,0.26918336749076843,0.3408547043800354,0.380280077457428,0.4651896059513092,0.28974294662475586,0.5481195449829102,0.36255398392677307,0.6035479307174683,0.6900529861450195,0.069986991584301,0.40334755182266235
0.33326172828674316,0.5302786231040955,0.12283299118280411,0.15289591252803802,0.1619272530078888,0.1071663349866867,0.28231123089790344,0.6528589725494385,0.07056578248739243,0.4464248716831207,0.3097706735134125,0.43540188670158386,0.5654934644699097,0.027239887043833733,0.13306958973407745
0.004317840561270714,0.20593155920505524,0.0007395813590846956,0.030174696817994118,0.004770336672663689,0.005247835069894791,0.08112570643424988,0.25900664925575256,0.13884396851062775,0.11256355792284012,0.014029789716005325,0.19705958664417267,0.7494840025901794,0.03846129775047302,0.04153977334499359
0.7918809056282043,0.8111228346824646,0.013005277141928673,0.033232755959033966,0.008279798552393913,0.06826391071081161,0.05679967999458313,0.514983057975769,0.44039711356163025,0.2811351418495178,0.041749030351638794,0.0259943176060915,0.15396490693092346,0.0005519548431038857,0.023757053539156914
0.8047906160354614,0.6557825803756714,0.2178485244512558,0.45801618695259094,0.19600935280323029,0.3900493085384369,0.42214491963386536,0.7181280851364136,0.2405185103416443,0.705889880657196,0.3247986435890198,0.45325711369514465,0.4623080790042877,0.2107592672109604,0.8570556044578552
0.7629870176315308,0.43576255440711975,0.29439985752105713,0.22089868783950806,0.26918336749076843,0.3408547043800354,0.380280077457428,0.4651896059513092,0.28974127769470215,0.5481197237968445,0.36255210638046265,0.6035484075546265,0.6900518536567688,0.06998716294765472,0.4033491313457489
0.6165217757225037,0.6604219079017639,0.030362941324710846,0.030116748064756393,0.0022922023199498653,0.3335791230201721,0.026152383536100388,0.32573914527893066,0.0008353004232048988,0.22506554424762726,0.0972534641623497,0.2955095171928406,0.5199954509735107,0.42070895433425903,0.1153130978345871
0.8596100211143494,0.6705063581466675,0.5387647747993469,0.40104907751083374,0.09383957087993622,0.2667759656906128,0.6125694513320923,0.7916238903999329,0.18125680088996887,0.7837815880775452,0.48331451416015625,0.8146505355834961,0.7523195147514343,0.17749029397964478,0.1746390014886856
0.5256044864654541,0.3680301010608673,0.1045098677277565,0.10803384333848953,0.02878338098526001,0.6441463828086853,0.02441425435245037,0.35751256346702576,0.000199384696315974,0.28958991169929504,0.09922468662261963,0.5109842419624329,0.4442101716995239,0.05419464409351349,0.08832532167434692
0.007036312948912382,0.08328951895236969,0.002724139951169491,0.001401152228936553,0.0009030758519656956,0.0026832844596356153,0.0005080521805211902,0.03756742551922798,5.831562157254666e-05,0.002684652339667082,0.003180196974426508,0.07408858090639114,0.008579829707741737,0.001505045685917139,0.005143900867551565
0.23241445422172546,0.10298130661249161,0.4330868721008301,0.3411220610141754,0.40131935477256775,0.02152244560420513,0.09736014902591705,0.27982810139656067,0.22380182147026062,0.3541624844074249,0.1297031044960022,0.6436663866043091,0.2265484482049942,0.03154093399643898,0.016333572566509247
0.7334969639778137,0.7308003902435303,0.5949511528015137,0.44604212045669556,0.5394700765609741,0.6057763695716858,0.5472745299339294,0.6647998690605164,0.41717419028282166,0.7441046833992004,0.47061818838119507,0.7315745949745178,0.6940163969993591,0.23406119644641876,0.11809740215539932
0.09271121770143509,0.31237080693244934,0.03713082894682884,0.027301866561174393,0.003477678867056966,0.051957279443740845,0.0026600779965519905,0.21213100850582123,0.001252050045877695,0.19151638448238373,0.04520131275057793,0.5285669565200806,0.11679231375455856,0.010866322554647923,0.05632415786385536
0.4393163323402405,0.639629065990448,0.4328286945819855,0.4285205006599426,0.12540507316589355,0.36618438363075256,0.2917608618736267,0.5189333558082581,0.07624167203903198,0.6679983139038086,0.26720190048217773,0.5211670994758606,0.3816065490245819,0.05411392077803612,0.05490164831280708
0.7100892066955566,0.6708313226699829,0.5786288976669312,0.5986566543579102,0.4257687032222748,0.35357028245925903,0.5031135082244873,0.6682093143463135,0.561484158039093,0.6819630265235901,0.5399761199951172,0.823817789554596,0.7775167226791382,0.15949185192584991,0.22584491968154907
0.03909330815076828,0.36197081208229065,0.00034219626104459167,0.0018547802465036511,0.001514754956588149,0.03229227662086487,0.0012668304843828082,0.1308448612689972,0.00016412371769547462,0.1516382247209549,0.0029828883707523346,0.050971534103155136,0.01973159797489643,0.0017875047633424401,0.06571251899003983
0.47488313913345337,0.7331702709197998,0.8930232524871826,0.7099778652191162,0.6277250647544861,0.4135779142379761,0.5502232909202576,0.5710633993148804,0.5766243934631348,0.48771777749061584,0.8100643754005432,0.6740179061889648,0.7843179702758789,0.012692405842244625,0.034064073115587234
0.6386628150939941,0.6654821038246155,0.5449134111404419,0.6173332333564758,0.5132331252098083,0.4949994385242462,0.36050426959991455,0.5111986398696899,0.41967684030532837,0.4889717698097229,0.5385288596153259,0.7688988447189331,0.6627025604248047,0.1133483499288559,0.13478602468967438
0.7168428301811218,0.7339595556259155,0.47322243452072144,0.7667129039764404,0.6552029252052307,0.418675035238266,0.4521394968032837,0.5002806186676025,0.4533213973045349,0.6556106209754944,0.4396764934062958,0.8883644342422485,0.6131346225738525,0.0808616355061531,0.08124787360429764
0.1961425542831421,0.349400132894516,0.2656916379928589,0.10162682086229324,0.05866400897502899,0.305702805519104,0.21989254653453827,0.3276884853839874,0.1002364456653595,0.7012655138969421,0.1721131056547165,0.6887353658676147,0.3241153657436371,0.05368432775139809,0.0038476521149277687
0.2558264434337616,0.37788623571395874,0.19378575682640076,0.21622543036937714,0.3110570013523102,0.21554003655910492,0.35346731543540955,0.5786529183387756,0.09938612580299377,0.29780662059783936,0.25144317746162415,0.6816710233688354,0.638556957244873,0.03946628421545029,0.03678792715072632
0.7483460903167725,0.46503129601478577,0.4480884373188019,0.4926140010356903,0.34220683574676514,0.20417922735214233,0.43901535868644714,0.73592609167099,0.32932013273239136,0.6334579586982727,0.3024771511554718,0.7977573871612549,0.6899665594100952,0.11370131373405457,0.10132879763841629
0.00821318943053484,0.06574377417564392,0.14031434059143066,0.006268839351832867,0.002352859126403928,0.001107546268031001,0.0010872677667066455,0.006115884520113468,0.0019286804599687457,0.3753507733345032,0.0217013880610466,0.07423633337020874,0.0422406829893589,0.001554674468934536,0.03220980614423752
0.42959707975387573,0.4737880527973175,0.10950255393981934,0.05191262066364288,0.07281477004289627,0.02515512891113758,0.11772061139345169,0.1815146952867508,0.016298530623316765,0.522325873374939,0.219565749168396,0.5921638011932373,0.5071112513542175,0.07950194925069809,0.027825843542814255
0.703952431678772,0.7300867438316345,0.4671993553638458,0.6617088317871094,0.3263275623321533,0.2376936674118042,0.26664671301841736,0.5321391820907593,0.5590722560882568,0.5211564898490906,0.14569105207920074,0.8105375170707703,0.6394327282905579,0.03859274834394455,0.01963813602924347
0.3075889050960541,0.6324406266212463,0.2123233675956726,0.3099098205566406,0.046629782766103745,0.47600510716438293,0.1923193633556366,0.2791558802127838,0.44593682885169983,0.6486874222755432,0.2809291183948517,0.39192068576812744,0.2822606861591339,0.03696558624505997,0.05365343019366264
0.5775047540664673,0.7825145721435547,0.45312973856925964,0.6064932942390442,0.3343690037727356,0.3283543884754181,0.3303321301937103,0.6615766882896423,0.47150129079818726,0.7324620485305786,0.3910396993160248,0.8148401975631714,0.6827574372291565,0.09488982707262039,0.10435344278812408
0.6392683386802673,0.8131637573242188,0.2767903506755829,0.5094327330589294,0.31845009326934814,0.7107623219490051,0.5858080983161926,0.5783429145812988,0.42567989230155945,0.5580384731292725,0.3541199862957001,0.6232557892799377,0.6274527311325073,0.13817329704761505,0.18512366712093353
0.28913038969039917,0.39636754989624023,0.013342870399355888,0.003633714048191905,0.006200511008501053,0.08094552904367447,0.2734827995300293,0.07415807247161865,0.0008342001819983125,0.3865107297897339,0.03386041149497032,0.4317023456096649,0.40274786949157715,0.031924210488796234,0.038378167897462845
0.5378246903419495,0.34594762325286865,0.3741031587123871,0.007806847803294659,0.0347907654941082,0.24088390171527863,0.29331862926483154,0.21868270635604858,0.0075491610914468765,0.10060135275125504,0.15417900681495667,0.24628563225269318,0.7479629516601562,0.23217374086380005,0.9434710741043091
0.29701703786849976,0.22715388238430023,0.3559693396091461,0.06060786545276642,0.04449450969696045,0.09531917423009872,0.0938882827758789,0.1660689264535904,0.03072778694331646,0.24038301408290863,0.24360042810440063,0.20983022451400757,0.305162638425827,0.04373086243867874,0.7215463519096375
0.5092488527297974,0.4587002396583557,0.2809695899486542,0.07825540006160736,0.1425829827785492,0.14324229955673218,0.31418606638908386,0.5675291419029236,0.18328094482421875,0.7570974826812744,0.350813090801239,0.7577337622642517,0.7036927938461304,0.08005011826753616,0.20927144587039948
0.7800595760345459,0.715339183807373,0.35824036598205566,0.38202160596847534,0.2909635603427887,0.3356030285358429,0.5191591382026672,0.63800048828125,0.35389280319213867,0.6875371932983398,0.41176995635032654,0.7484980821609497,0.6136438846588135,0.1331743746995926,0.1941733956336975
0.015273950062692165,0.2586081922054291,0.004569116048514843,0.012129225768148899,0.004050345625728369,0.014435025863349438,0.002001523971557617,0.027434702962636948,0.0008769161649979651,0.012942236848175526,0.0075931428000330925,0.21810173988342285,0.01133274007588625,0.0019138198113068938,0.010856826789677143
0.2544367015361786,0.35337257385253906,0.12522059679031372,0.028360780328512192,0.11903248727321625,0.1397421509027481,0.10407877713441849,0.23174186050891876,0.05258461460471153,0.3738793730735779,0.10061175376176834,0.7372840046882629,0.5088582634925842,0.03838381543755531,0.17034335434436798
0.7187676429748535,0.5759027004241943,0.14155153930187225,0.09040986001491547,0.13102281093597412,0.0718662217259407,0.26999539136886597,0.5479702949523926,0.05282071605324745,0.7088311314582825,0.1600988507270813,0.730635404586792,0.6995980143547058,0.08233853429555893,0.07188454270362854
0.8087205290794373,0.45965033769607544,0.463274747133255,0.06863318383693695,0.09640751034021378,0.13781359791755676,0.7551292777061462,0.7861776947975159,0.4392322897911072,0.850938081741333,0.21846263110637665,0.659960925579071,0.7827948331832886,0.20529016852378845,0.04416961222887039
0.663072407245636,0.646700382232666,0.5408801436424255,0.45364946126937866,0.41639435291290283,0.42839714884757996,0.45932772755622864,0.7144886255264282,0.5151911377906799,0.7322174310684204,0.4288705885410309,0.7267497777938843,0.7295127511024475,0.16571903228759766,0.17946524918079376
0.4109727442264557,0.6437674164772034,0.20660746097564697,0.28662461042404175,0.31110987067222595,0.12177568674087524,0.5193078517913818,0.7397684454917908,0.6557443737983704,0.6442868113517761,0.13360582292079926,0.6157644987106323,0.5043113827705383,0.10937894135713577,0.03884831443428993
0.24232059717178345,0.5111817717552185,0.23791281878948212,0.5526442527770996,0.19055575132369995,0.5361976623535156,0.28649571537971497,0.5009223222732544,0.5104933381080627,0.5113200545310974,0.3337983787059784,0.6592802405357361,0.3844796419143677,0.05498451367020607,0.10811426490545273
0.28002163767814636,0.35284164547920227,0.046935081481933594,0.2732362747192383,0.1571332812309265,0.12781715393066406,0.40718814730644226,0.183140367269516,0.25642329454421997,0.4873785078525543,0.1956969052553177,0.657987117767334,0.5576706528663635,0.020010780543088913,0.10809796303510666
0.35740792751312256,0.582789957523346,0.009920512326061726,0.018367229029536247,0.006383902858942747,0.1063510850071907,0.001241505378857255,0.07869979739189148,0.0004403823986649513,0.08182407915592194,0.07257425040006638,0.5678113102912903,0.06569508463144302,0.003517076838761568,0.04938226565718651
0.7606439590454102,0.6857150197029114,0.4335954487323761,0.5624698996543884,0.35072803497314453,0.41549429297447205,0.27665093541145325,0.6002880930900574,0.41184255480766296,0.7284371256828308,0.28225278854370117,0.6705830097198486,0.6087207794189453,0.07709650695323944,0.3220650553703308
0.8025209307670593,0.6330304145812988,0.20152239501476288,0.3088890314102173,0.09217122197151184,0.13413368165493011,0.38486969470977783,0.7207205891609192,0.25935328006744385,0.7151217460632324,0.2204039990901947,0.7008325457572937,0.5722159743309021,0.05385994166135788,0.16916392743587494
0.005780372302979231,0.22162309288978577,0.0015221236972138286,0.16766425967216492,0.008568746969103813,0.009730768389999866,0.03216809406876564,0.054775796830654144,0.09020408242940903,0.06295952945947647,0.0029595093801617622,0.049652498215436935,0.021774664521217346,0.004232304636389017,0.0295183677226305
0.4384637773036957,0.45842376351356506,0.08425643295049667,0.28354379534721375,0.10785675793886185,0.6940447092056274,0.097678042948246,0.36015957593917847,0.2941487729549408,0.47253185510635376,0.18801800906658173,0.45071205496788025,0.1406390517950058,0.017614971846342087,0.1196080818772316
0.9064506888389587,0.764351487159729,0.8080783486366272,0.8098926544189453,0.6772773861885071,0.8251420855522156,0.5760732293128967,0.6992130875587463,0.4949462115764618,0.6400097608566284,0.5714834332466125,0.8719814419746399,0.6605865955352783,0.16448387503623962,0.4859297275543213
0.057935021817684174,0.5605790019035339,0.001797751523554325,0.041655976325273514,0.0044743092730641365,0.2687952518463135,0.0009878750424832106,0.015704985707998276,0.0008640330052003264,0.0022908919490873814,0.025974372401833534,0.13081571459770203,0.021575191989541054,0.001428673043847084,0.027159256860613823
0.7908362746238708,0.642633855342865,0.025716114789247513,0.16463695466518402,0.015225310809910297,0.949120819568634,0.03596959635615349,0.4308112561702728,0.0074653406627476215,0.2263687700033188,0.3182869255542755,0.7482268810272217,0.32680150866508484,0.04301956295967102,0.11560755968093872
0.7438478469848633,0.49067458510398865,0.08761590719223022,0.12125366181135178,0.05325803533196449,0.22932566702365875,0.09483076632022858,0.3503413498401642,0.000301919732009992,0.4565547704696655,0.3544501066207886,0.10493016242980957,0.33841559290885925,0.05669183284044266,0.864689290523529
0.3779860734939575,0.4257216453552246,0.07766886800527573,0.1793942004442215,0.018938248977065086,0.07449375838041306,0.018703453242778778,0.1673087179660797,0.0012794947251677513,0.3037150502204895,0.15211759507656097,0.11159352213144302,0.08918800950050354,0.023317549377679825,0.19491799175739288
0.8354939818382263,0.8197580575942993,0.31484436988830566,0.6585791707038879,0.13194453716278076,0.3683520257472992,0.6508421897888184,0.8544846177101135,0.05412540212273598,0.7996143102645874,0.3347419500350952,0.39817678928375244,0.3758543133735657,0.10269289463758469,0.18724747002124786
0.6967392563819885,0.6045941114425659,0.02920357696712017,0.28434011340141296,0.1100214496254921,0.7238559126853943,0.02460332401096821,0.1796603947877884,0.0012222584336996078,0.32767173647880554,0.36763522028923035,0.27023231983184814,0.2723952829837799,0.32394155859947205,0.01606980338692665
0.3309509754180908,0.3021666705608368,0.009090305306017399,0.06027638539671898,0.005510495509952307,0.1239120289683342,0.003031168831512332,0.07610291987657547,0.00018253923917654902,0.07801071554422379,0.05106445774435997,0.3960321545600891,0.23466724157333374,0.035580821335315704,0.029665600508451462
0.5078669786453247,0.4172607362270355,0.12604331970214844,0.22073321044445038,0.19531165063381195,0.12937454879283905,0.1335456818342209,0.4017365276813507,0.11702746897935867,0.40414950251579285,0.1742645651102066,0.6172741651535034,0.45273157954216003,0.025896022096276283,0.069398894906044
0.42833662033081055,0.47167885303497314,0.012242104858160019,0.07352606952190399,0.0013397079892456532,0.09354294091463089,0.003844666527584195,0.08620103448629379,0.00010460245539434254,0.05062143877148628,0.027435623109340668,0.053251463919878006,0.03803764283657074,0.02190374955534935,0.10788588225841522
0.06570784002542496,0.03945649787783623,0.0013164390111342072,0.0019063680665567517,0.0015047108754515648,0.08168616890907288,0.0005052610067650676,0.00387156312353909,0.007200965192168951,0.05470423027873039,0.012943800538778305,0.005769256968051195,0.007991905324161053,0.0020322566851973534,0.008263438008725643
0.6594458818435669,0.851918637752533,0.06697560846805573,0.05835852026939392,0.0490034744143486,0.6757660508155823,0.10544216632843018,0.3244275450706482,0.0033490420319139957,0.524429202079773,0.03853856027126312,0.10105665028095245,0.3203960955142975,0.10082951933145523,0.08511130511760712
0.949840247631073,0.6989763379096985,0.19697430729866028,0.3942199945449829,0.028078023344278336,0.8504127860069275,0.23140501976013184,0.6597049236297607,0.052878204733133316,0.6106272339820862,0.14006593823432922,0.3880549669265747,0.3523627519607544,0.09131485968828201,0.1568290740251541
0.8097329139709473,0.6262096166610718,0.0014957260573282838,0.007566340267658234,0.0030477854888886213,0.9087334871292114,0.0005622816970571876,0.07051846385002136,7.555403863079846e-05,0.03538535535335541,0.04358799755573273,0.0341472290456295,0.026384245604276657,0.004293947014957666,0.07978653162717819
0.7557175755500793,0.5785442590713501,0.008502346463501453,0.048561036586761475,0.05733436346054077,0.8667223453521729,0.04754636436700821,0.20992492139339447,0.0010676581878215075,0.2577531635761261,0.024150989949703217,0.2463209331035614,0.21712927520275116,0.0768156498670578,0.09439539909362793
0.6805811524391174,0.5725624561309814,0.022608047351241112,0.048493027687072754,0.003949325531721115,0.46931853890419006,0.002172435401007533,0.10598638653755188,0.027153993025422096,0.1568021923303604,0.04856104031205177,0.11477541923522949,0.030009767040610313,0.005755083169788122,0.09805228561162949
0.7963709235191345,0.5817262530326843,0.023100171238183975,0.2821896970272064,0.02406487613916397,0.446621835231781,0.03775788098573685,0.077544666826725,0.13081979751586914,0.10062750428915024,0.07655496895313263,0.31092095375061035,0.05435357987880707,0.007247483357787132,0.045024484395980835
0.8681634664535522,0.730117917060852,0.6776161193847656,0.8298778533935547,0.5161580443382263,0.7228871583938599,0.5439513325691223,0.7781737446784973,0.33311283588409424,0.671518087387085,0.6275731325149536,0.9108365774154663,0.8480725288391113,0.11825528740882874,0.23609349131584167
0.676978588104248,0.8473993539810181,0.008974096737802029,0.039699189364910126,0.002930453745648265,0.7400047779083252,0.02001843973994255,0.5321730971336365,0.8110541105270386,0.5512092113494873,0.031136490404605865,0.046592384576797485,0.015566864982247353,0.00083595683099702,0.07363077998161316
0.2203240990638733,0.5292506814002991,0.0060593076050281525,0.04558119177818298,0.15372329950332642,0.2761717438697815,0.167924165725708,0.13814787566661835,0.04160590469837189,0.2592507004737854,0.047682471573352814,0.597220778465271,0.0493670217692852,0.005549419671297073,0.049567267298698425
0.9255943298339844,0.6222230195999146,0.3017953038215637,0.643958568572998,0.4004562497138977,0.40968990325927734,0.7861731052398682,0.8847609162330627,0.5862180590629578,0.7986299395561218,0.3105301260948181,0.6102079749107361,0.7370979189872742,0.040357332676649094,0.09772202372550964
0.8801416158676147,0.8087830543518066,0.09634649008512497,0.27540069818496704,0.08135971426963806,0.9524365663528442,0.09617280215024948,0.3629137873649597,0.31921151280403137,0.5337582230567932,0.04674755409359932,0.19580216705799103,0.1932801604270935,0.09840355068445206,0.08259107172489166
0.9227903485298157,0.7331375479698181,0.34608063101768494,0.7944664359092712,0.24541616439819336,0.9109843969345093,0.5505721569061279,0.5894837379455566,0.14854271709918976,0.7449324727058411,0.2257171869277954,0.7245481014251709,0.5859828591346741,0.08634675294160843,0.18561437726020813
0.6890338063240051,0.8305398225784302,0.06135319918394089,0.17944492399692535,0.003601027186959982,0.5798237323760986,0.0026047537103295326,0.05576666444540024,0.000248079770244658,0.3820948302745819,0.06347686052322388,0.1395464837551117,0.022819852456450462,0.004961336497217417,0.06169925630092621
0.9350342154502869,0.758604884147644,0.03787727281451225,0.2626263201236725,0.008779496885836124,0.7860841751098633,0.02979731373488903,0.13421045243740082,0.000728688552044332,0.32932227849960327,0.04876348376274109,0.09157565236091614,0.09622788429260254,0.053688228130340576,0.08955042064189911
0.5431327819824219,0.5630533695220947,0.11571842432022095,0.18423454463481903,0.028699276968836784,0.12900522351264954,0.01678618974983692,0.2178492397069931,0.007432383019477129,0.277494877576828,0.05247587338089943,0.14457741379737854,0.0939052551984787,0.02600095234811306,0.09080970287322998
0.11624673753976822,0.642155110836029,0.06175309419631958,0.4390011727809906,0.00844813883304596,0.03150944784283638,0.05343472957611084,0.03661772236227989,0.0008783532539382577,0.4888772666454315,0.0868447944521904,0.039512649178504944,0.03430330008268356,0.0028694469947367907,0.03276780620217323
0.7009705901145935,0.881576657295227,0.10488742589950562,0.3100815713405609,0.012985247187316418,0.09956417232751846,0.13588550686836243,0.661960780620575,0.008668818511068821,0.6664639115333557,0.25995349884033203,0.18710243701934814,0.3563539385795593,0.033769018948078156,0.18523231148719788
0.8334839344024658,0.8736571073532104,0.12454085052013397,0.6266455054283142,0.08453426510095596,0.3105095624923706,0.5695128440856934,0.6835135817527771,0.03535306081175804,0.539945125579834,0.3263136148452759,0.30515941977500916,0.539501965045929,0.34391504526138306,0.16175594925880432
0.36019009351730347,0.7543331980705261,0.03236013278365135,0.12986326217651367,0.004093806724995375,0.032738301903009415,0.010296529158949852,0.46587109565734863,0.01603136956691742,0.29128938913345337,0.04386035352945328,0.07881709188222885,0.056275345385074615,0.0151058966293931,0.17095908522605896
0.6065771579742432,0.5436016321182251,0.4544978439807892,0.6621209383010864,0.4740370810031891,0.23749157786369324,0.5110067129135132,0.6750350594520569,0.6305964589118958,0.5513677000999451,0.1723816692829132,0.5738354325294495,0.5796156525611877,0.05180017650127411,0.08929987251758575
0.7266499996185303,0.6914458274841309,0.6053252816200256,0.7786749601364136,0.45981085300445557,0.42644959688186646,0.43706393241882324,0.7037948966026306,0.4409079849720001,0.6738125681877136,0.48532959818840027,0.7967813014984131,0.6022192239761353,0.18945002555847168,0.21091368794441223
0.7651516199111938,0.8032739162445068,0.3884580731391907,0.6592999696731567,0.6172752380371094,0.5436857342720032,0.5247310996055603,0.6271314024925232,0.5194211006164551,0.5012210011482239,0.5022196769714355,0.7951491475105286,0.5055709481239319,0.090642049908638,0.18294186890125275
0.024796070531010628,0.2953445613384247,0.008920608088374138,0.18272651731967926,0.006892362609505653,0.08570793271064758,0.006433242466300726,0.008691981434822083,0.00021581015607807785,0.019044222310185432,0.018356014043092728,0.10673477500677109,0.008544805459678173,0.0038621556013822556,0.07683693617582321
0.9092893600463867,0.5087546110153198,0.00016160495579242706,0.04391938075423241,0.00018372092745266855,0.17154935002326965,0.0005040222313255072,0.0014405101537704468,0.00029339248430915177,0.0020993310026824474,0.003251740476116538,0.011056860908865929,0.0034824649337679148,0.000579781539272517,0.05406662076711655
0.7082441449165344,0.6561857461929321,0.4495399594306946,0.6042434573173523,0.29900580644607544,0.42296046018600464,0.3977997601032257,0.5585259199142456,0.2929536700248718,0.5809469223022461,0.4891951382160187,0.7263216972351074,0.5751293897628784,0.0600944422185421,0.14001259207725525
0.0021889228373765945,0.06601185351610184,0.00024071527877822518,0.0010535760084167123,0.0005024436395615339,0.001674341270700097,0.0003663460665848106,0.007156825624406338,0.00010739154095062986,0.003357821376994252,0.0010220494586974382,0.003912061918526888,0.0016199464444071054,0.00044831933337263763,0.010984208434820175
0.0752868503332138,0.33560115098953247,0.0026348894461989403,0.008113350719213486,0.0008673314587213099,0.01879911497235298,0.0009079936426132917,0.09323601424694061,0.00014047995500732213,0.23384873569011688,0.012524250894784927,0.017962917685508728,0.01637963391840458,0.0016048431862145662,0.08813580125570297
0.7425511479377747,0.7392433881759644,0.5182567834854126,0.5791324973106384,0.4682770073413849,0.22799420356750488,0.37809309363365173,0.48301875591278076,0.597077488899231,0.6891975998878479,0.49394840002059937,0.5816481113433838,0.6589261293411255,0.12395459413528442,0.24630898237228394
0.32314538955688477,0.3732610046863556,0.019193025305867195,0.04039496183395386,0.00257096323184669,0.5860059261322021,0.002019882667809725,0.03982824459671974,0.0016046143136918545,0.012089078314602375,0.030417095869779587,0.03819199651479721,0.07071790844202042,0.006885957438498735,0.04717022925615311
0.39900875091552734,0.02234456315636635,0.0004207635938655585,0.0016530434368178248,0.0012847926700487733,0.00714158033952117,0.0005430938908830285,0.0006209331331774592,0.0010980115039274096,0.002999890362843871,0.0024452940560877323,0.003608918283134699,0.0025478857569396496,0.000442531454609707,0.0034315173979848623
0.4588889181613922,0.9236351847648621,0.6978753209114075,0.19040580093860626,0.005502155050635338,0.04962453991174698,0.0031947160605341196,0.06598775088787079,0.27012205123901367,0.2801259458065033,0.40350422263145447,0.8239228129386902,0.01442481204867363,0.0015212427824735641,0.05897783488035202
0.5171937942504883,0.5988327860832214,0.01079973578453064,0.029432984068989754,0.09175411611795425,0.1703983098268509,0.14712537825107574,0.07295932620763779,0.0329299196600914,0.3764294981956482,0.12330484390258789,0.5961943864822388,0.32213684916496277,0.006419218610972166,0.04245401546359062
0.45540863275527954,0.15576566755771637,0.007984648458659649,0.01178312674164772,0.0018184613436460495,0.09291811287403107,0.00116415333468467,0.007922081276774406,0.0003448029747232795,0.020821522921323776,0.005322362761944532,0.006304842885583639,0.0029017438646405935,0.0009401263087056577,0.016445625573396683
0.8041224479675293,0.8759941458702087,0.00040709885070100427,0.061952315270900726,0.0007179505773819983,0.043145664036273956,0.0005019172094762325,0.005352442152798176,7.543806714238599e-05,0.009059901349246502,0.001138798426836729,0.0013834767742082477,0.00501210056245327,0.0010183027479797602,0.0059865983203053474
0.8555128574371338,0.7451576590538025,0.6130033135414124,0.8113535642623901,0.6058905124664307,0.5980891585350037,0.7535449266433716,0.7014102935791016,0.7429655194282532,0.7082841992378235,0.5035582184791565,0.8341749906539917,0.6991938948631287,0.07246454060077667,0.09285349398851395
0.7902683615684509,0.7857261300086975,0.7372414469718933,0.8320960998535156,0.7128852605819702,0.9219655990600586,0.7022881507873535,0.7709386348724365,0.5349643230438232,0.740583598613739,0.5337993502616882,0.6434091925621033,0.8146623969078064,0.009811697527766228,0.04452485218644142
0.9649880528450012,0.8332639336585999,0.22175751626491547,0.8206355571746826,0.5236093401908875,0.5322427153587341,0.35570573806762695,0.37823110818862915,0.3049786388874054,0.5330289602279663,0.3425285816192627,0.7508715987205505,0.8875535130500793,0.08647851645946503,0.07718495279550552
0.3132064640522003,0.37753617763519287,0.017862878739833832,0.05707614868879318,0.007228064350783825,0.04923585057258606,0.02407078444957733,0.4888736307621002,0.27505823969841003,0.44170138239860535,0.04225074127316475,0.10916857421398163,0.01687595807015896,0.004898814018815756,0.031113218516111374
0.9906869530677795,0.9430801272392273,0.12788709998130798,0.9284565448760986,0.12189572304487228,0.6991072297096252,0.022780606523156166,0.11508453637361526,0.0033885014709085226,0.5460124611854553,0.18205328285694122,0.7949454188346863,0.1903657466173172,0.11686459183692932,0.04862049221992493
0.9225102066993713,0.7431877255439758,0.1657010167837143,0.3676849603652954,0.08710045367479324,0.4048518240451813,0.03390176594257355,0.3573629856109619,0.16958016157150269,0.5320795774459839,0.10935452580451965,0.7218222618103027,0.24237261712551117,0.03796132653951645,0.06943637877702713
0.9667166471481323,0.5892524719238281,0.02886320650577545,0.08765775710344315,0.008163997903466225,0.0600004680454731,0.009792071767151356,0.0939013659954071,0.006106381304562092,0.2343367636203766,0.021933581680059433,0.09885495901107788,0.23889100551605225,0.004470445215702057,0.0667387917637825
0.8423338532447815,0.7539427876472473,0.03271428123116493,0.22325976192951202,0.009683568961918354,0.26510903239250183,0.021449903026223183,0.19767244160175323,0.06553096324205399,0.2795920968055725,0.070701465010643,0.14156624674797058,0.24622146785259247,0.022568484768271446,0.06367301195859909
0.7666705846786499,0.6203165054321289,0.031239371746778488,0.24269574880599976,0.024767382070422173,0.918662965297699,0.015027669258415699,0.17135827243328094,0.011053966358304024,0.4601268172264099,0.05301428586244583,0.24771642684936523,0.11104536801576614,0.020951058715581894,0.02533690631389618
0.6722702980041504,0.46297693252563477,0.6031016111373901,0.7273728847503662,0.5997164845466614,0.4366258382797241,0.40529343485832214,0.5888558030128479,0.6004071235656738,0.600700318813324,0.3315369784832001,0.6590692400932312,0.5603379607200623,0.11932220309972763,0.12402850389480591
0.8665997385978699,0.49101629853248596,0.09598856419324875,0.13162173330783844,0.024283356964588165,0.664286196231842,0.04967094212770462,0.17968781292438507,0.006469516083598137,0.20102015137672424,0.047639358788728714,0.2734227180480957,0.23953896760940552,0.033194150775671005,0.07314345985651016
0.3462955355644226,0.522243082523346,0.10992276668548584,0.23573952913284302,0.020555928349494934,0.22416746616363525,0.03590591996908188,0.7969613075256348,0.3677768111228943,0.4833790361881256,0.19719749689102173,0.6188317537307739,0.33831191062927246,0.00678594084456563,0.03740555793046951
0.8450404405593872,0.8220324516296387,0.393594890832901,0.705841064453125,0.6027671098709106,0.705051600933075,0.502314567565918,0.6470527052879333,0.3552825450897217,0.7592199444770813,0.37062910199165344,0.8838527202606201,0.8745986223220825,0.07475422322750092,0.2011459320783615
0.3484734892845154,0.8279563784599304,0.03140726685523987,0.24199123680591583,0.3657815158367157,0.4867836833000183,0.18918003141880035,0.648063063621521,0.0013002291088923812,0.45247745513916016,0.1054820865392685,0.8853747844696045,0.9641153216362,0.03782965987920761,0.10842466354370117
0.08875933289527893,0.28030461072921753,0.006743403617292643,0.030574653297662735,0.007051396183669567,0.08422881364822388,0.18584202229976654,0.6343004107475281,0.6330839991569519,0.28719499707221985,0.1566697359085083,0.7193713188171387,0.9402655363082886,0.005885822232812643,0.06888993829488754
0.6510332822799683,0.7734509706497192,0.00999979767948389,0.04733693227171898,0.010953348129987717,0.22055891156196594,0.008344189263880253,0.22106456756591797,9.169015538645908e-05,0.2866578996181488,0.02445106767117977,0.051510732620954514,0.2143087238073349,0.0046315682120621204,0.11752165108919144
0.8683261871337891,0.5274548530578613,0.4072156250476837,0.7843917608261108,0.40003877878189087,0.4204789698123932,0.18933355808258057,0.6103873252868652,0.22482243180274963,0.6380388736724854,0.5737365484237671,0.7784716486930847,0.9766072034835815,0.08074257522821426,0.07490231841802597
0.9899926781654358,0.6564927101135254,0.054221007972955704,0.3719591796398163,0.1491437554359436,0.7849311232566833,0.07210673391819,0.46428146958351135,0.037641119211912155,0.6450405120849609,0.2136537879705429,0.775992214679718,0.832438588142395,0.036328449845314026,0.08568708598613739
0.8006947040557861,0.875016987323761,0.032684843987226486,0.12978212535381317,0.0026821286883205175,0.025889404118061066,0.0009078345610760152,0.07649870216846466,0.0035284494515508413,0.6587927937507629,0.055780500173568726,0.010815266519784927,0.013919707387685776,0.005593978334218264,0.0494304783642292
0.9176046252250671,0.8689998984336853,0.17206831276416779,0.463320791721344,0.11595819890499115,0.2328009009361267,0.15162856876850128,0.3248162567615509,0.026031749323010445,0.8130794763565063,0.17103195190429688,0.4787050187587738,0.27131325006484985,0.02367233671247959,0.11725285649299622
0.6086421608924866,0.6193585395812988,0.18331913650035858,0.08896208554506302,0.0060214754194021225,0.0668708086013794,0.0027935763355344534,0.015834635123610497,0.0005733155412599444,0.20495373010635376,0.10440992563962936,0.7729288935661316,0.2087593674659729,0.00982951931655407,0.02680893987417221
0.9286267757415771,0.4415852427482605,0.008590745739638805,0.10512639582157135,0.010384446941316128,0.21098589897155762,0.007138547953218222,0.01659972220659256,0.0006787644233554602,0.26431891322135925,0.025030994787812233,0.43945518136024475,0.10018555074930191,0.006155581213533878,0.022967932745814323
0.7839041948318481,0.7003197073936462,0.6165499687194824,0.7154913544654846,0.5021753311157227,0.5007233619689941,0.4794672727584839,0.6206422448158264,0.42808517813682556,0.6005370020866394,0.46709105372428894,0.6995576024055481,0.6752317547798157,0.05966763198375702,0.12861813604831696
0.4924692213535309,0.7482396960258484,0.41798195242881775,0.7336105108261108,0.4267282485961914,0.1754324734210968,0.4943470060825348,0.6135193705558777,0.4216090738773346,0.6819079518318176,0.48960551619529724,0.8003907203674316,0.6362905502319336,0.12308406829833984,0.08346705138683319
0.003339973511174321,0.03511885181069374,0.00047785849892534316,0.0036413795314729214,0.0022458857856690884,0.03270218148827553,0.0005243435734882951,0.0005220898310653865,0.00011148786143166944,0.006520201452076435,0.004284472670406103,0.00414317799732089,0.0010696357348933816,0.0006350529729388654,0.002794817788526416
0.6373796463012695,0.19938063621520996,0.029992124065756798,0.14593151211738586,0.00402778061106801,0.5679119825363159,0.00038541833055205643,0.014475487172603607,0.0002218883455498144,0.035699211061000824,0.024216998368501663,0.04255492240190506,0.023960256949067116,0.003163248533383012,0.037979621440172195
0.8196661472320557,0.8053480982780457,0.12489959597587585,0.31888043880462646,0.039040256291627884,0.38692644238471985,0.23573890328407288,0.6083420515060425,0.01953323557972908,0.572368323802948,0.31324857473373413,0.430446594953537,0.6241710186004639,0.07421087473630905,0.16569451987743378
0.6097720861434937,0.7282052040100098,0.06026076525449753,0.4399428069591522,0.008994519710540771,0.2559352219104767,0.018007811158895493,0.03688756376504898,0.0004361916217021644,0.43019726872444153,0.17511999607086182,0.09112109243869781,0.04504997283220291,0.009304216131567955,0.14766833186149597
0.8150107264518738,0.8679693341255188,0.18085189163684845,0.39004412293434143,0.05073400214314461,0.2581861913204193,0.5168386697769165,0.6042006611824036,0.005767601542174816,0.5623255372047424,0.15052829682826996,0.22158773243427277,0.16345539689064026,0.02762243151664734,0.1628430336713791
0.7955461144447327,0.6892684698104858,0.22120258212089539,0.6203553080558777,0.8371933102607727,0.7581837177276611,0.8955153822898865,0.8458038568496704,0.34073606133461,0.670330822467804,0.4325541853904724,0.45816770195961,0.6888400912284851,0.08281934261322021,0.13304664194583893
0.5860905051231384,0.5117502808570862,0.02732546254992485,0.30622977018356323,0.0022533326409757137,0.17454740405082703,0.0023224258329719305,0.02142653614282608,0.0005097853136248887,0.06975112110376358,0.03535294532775879,0.011769486591219902,0.004929650574922562,0.004034260753542185,0.05889703705906868
0.7407746315002441,0.7056128978729248,0.09797458350658417,0.1776137351989746,0.02825489267706871,0.07231076061725616,0.07598688453435898,0.4489976763725281,0.011584983207285404,0.32158637046813965,0.11599881947040558,0.15661926567554474,0.12736918032169342,0.03057972714304924,0.19819171726703644
0.6879868507385254,0.6213378310203552,0.13149718940258026,0.4096832275390625,0.08386430144309998,0.13826903700828552,0.09809362143278122,0.23243765532970428,0.005285622552037239,0.5598555207252502,0.12015382945537567,0.35517770051956177,0.21841293573379517,0.026916436851024628,0.14581693708896637
0.7816413640975952,0.7066816091537476,0.4955105781555176,0.692828893661499,0.4130532443523407,0.3949640095233917,0.45673051476478577,0.6886696815490723,0.5746732950210571,0.721287190914154,0.5036419034004211,0.8363547325134277,0.7564997673034668,0.21458251774311066,0.1733310967683792
0.9054675698280334,0.844489336013794,0.31343039870262146,0.563134491443634,0.19545099139213562,0.3157777488231659,0.37433046102523804,0.5589420199394226,0.20451878011226654,0.6833524703979492,0.3457496762275696,0.6153300404548645,0.5525280237197876,0.10393604636192322,0.12348919361829758
0.7651680111885071,0.7786589860916138,0.2463689148426056,0.8907588124275208,0.13690662384033203,0.5531119704246521,0.38815850019454956,0.19139893352985382,0.015898294746875763,0.5951557755470276,0.29770103096961975,0.4477612376213074,0.17444457113742828,0.02680758573114872,0.09518769383430481
0.765775740146637,0.8046318292617798,0.32142993807792664,0.5335826277732849,0.2459602952003479,0.39955443143844604,0.31922656297683716,0.6219121813774109,0.049239203333854675,0.7069412469863892,0.3306540250778198,0.6201047301292419,0.5544373989105225,0.1328384429216385,0.22831036150455475
0.9858115315437317,0.7819842100143433,0.019580675289034843,0.27358385920524597,0.014156501740217209,0.6711995601654053,0.042958397418260574,0.21568885445594788,0.0009306438150815666,0.5697764754295349,0.10651538521051407,0.09279585629701614,0.02474927343428135,0.0037183354143053293,0.0371432788670063
0.8580502271652222,0.7991814613342285,0.05258500948548317,0.34447699785232544,0.010392295196652412,0.1334991157054901,0.02209589257836342,0.6344950795173645,0.0002506780729163438,0.7549881339073181,0.1684848666191101,0.07630142569541931,0.11178827285766602,0.0023316596634685993,0.06689222157001495
0.6445381045341492,0.3850238025188446,0.262117862701416,0.4734242558479309,0.058057013899087906,0.08007406443357468,0.05937149375677109,0.1717095673084259,0.11791032552719116,0.5955838561058044,0.30942246317863464,0.868634045124054,0.12065862864255905,0.015217677690088749,0.02190285176038742
0.19344879686832428,0.44049280881881714,0.010045468807220459,0.02988441102206707,0.006506184581667185,0.06015312299132347,0.004829286132007837,0.025810902938246727,7.656273373868316e-05,0.0380929633975029,0.05672082677483559,0.8159123659133911,0.540926992893219,0.009102040901780128,0.051059022545814514
0.09166345000267029,0.46984216570854187,0.09997463971376419,0.06730718910694122,0.03285730630159378,0.5173557996749878,0.010016444139182568,0.568858802318573,0.0002426934224786237,0.14782269299030304,0.35308435559272766,0.9534304141998291,0.9265413880348206,0.042817454785108566,0.052217647433280945
0.03442005813121796,0.540715754032135,0.022027216851711273,0.07357756793498993,0.037443798035383224,0.13440483808517456,0.01602930948138237,0.8099690675735474,0.0003063954063691199,0.032985128462314606,0.1479121893644333,0.9042602181434631,0.2834574282169342,0.0036980791483074427,0.053737178444862366
0.6619902849197388,0.29666364192962646,0.15968084335327148,0.2843436896800995,0.04301625117659569,0.20426680147647858,0.1540953516960144,0.46343815326690674,0.0611412338912487,0.45385533571243286,0.375363826751709,0.9173694849014282,0.8523874878883362,0.04208504781126976,0.07446581870317459
0.8251288533210754,0.5417764782905579,0.013171358034014702,0.08156097680330276,0.013939685188233852,0.11774978041648865,0.006644498556852341,0.2776477634906769,0.0015707765705883503,0.16182348132133484,0.05262521654367447,0.8448108434677124,0.9807640314102173,0.026835111901164055,0.04626849293708801
0.867279589176178,0.7894021272659302,0.5234293341636658,0.6470043659210205,0.38106486201286316,0.48857927322387695,0.5558139681816101,0.7659245133399963,0.40507972240448,0.5383732318878174,0.4255950450897217,0.8412620425224304,0.7257513999938965,0.09748484194278717,0.14158719778060913
0.30670225620269775,0.7037060856819153,0.02421252615749836,0.5153765678405762,0.08096487820148468,0.009093408472836018,0.04236433655023575,0.8175440430641174,0.13927407562732697,0.5682164430618286,0.11985618621110916,0.5870359539985657,0.5495096445083618,0.013793770223855972,0.08209894597530365
0.6992147564888,0.6275500059127808,0.5101460814476013,0.8223538398742676,0.3994946777820587,0.38643985986709595,0.37690863013267517,0.6963711380958557,0.38692694902420044,0.5339787006378174,0.4644026756286621,0.792510449886322,0.7258197069168091,0.07962363958358765,0.14727552235126495
0.4601374566555023,0.756695032119751,0.06592873483896255,0.6874474287033081,0.19668641686439514,0.3051002323627472,0.28794559836387634,0.4282912611961365,0.07116498053073883,0.40511274337768555,0.43864113092422485,0.757805347442627,0.6924882531166077,0.016898877918720245,0.22084775567054749
0.5565401315689087,0.8141249418258667,0.04417042061686516,0.15699705481529236,0.11153309047222137,0.4239818751811981,0.019933462142944336,0.5355774760246277,0.00026748928939923644,0.2657968997955322,0.5065503120422363,0.9940165281295776,0.7776467204093933,0.04493292421102524,0.1336642950773239
0.5942823886871338,0.5991726517677307,0.1330956369638443,0.4220542013645172,0.12190896272659302,0.1062052994966507,0.10973841696977615,0.4607039988040924,0.05358809232711792,0.3266593813896179,0.12036078423261642,0.8079434037208557,0.9399781823158264,0.019055914133787155,0.0828372985124588
0.05803097039461136,0.19796790182590485,0.02345585636794567,0.01670408993959427,0.0033081695437431335,0.061542365700006485,0.001033903332427144,0.029407840222120285,0.0002469015889801085,0.2143501192331314,0.027560152113437653,0.9200007915496826,0.2423732876777649,0.006582480389624834,0.056360114365816116
0.344333291053772,0.48376432061195374,0.04788954555988312,0.2637063264846802,0.027725130319595337,0.05602799355983734,0.33392012119293213,0.5264626145362854,0.2627379894256592,0.6161540746688843,0.18192844092845917,0.3807509243488312,0.718110203742981,0.036242563277482986,0.06048551946878433
0.6291567087173462,0.45475685596466064,0.214742511510849,0.6010580658912659,0.29324138164520264,0.38962098956108093,0.22778066992759705,0.8417887687683105,0.07330793887376785,0.5284064412117004,0.30717283487319946,0.7816291451454163,0.7154833674430847,0.05016730725765228,0.18308310210704803
0.19299009442329407,0.3086528778076172,0.0040224469266831875,0.030285311862826347,0.004363343119621277,0.16540712118148804,0.0017939697718247771,0.12447496503591537,0.0017068124143406749,0.10049392282962799,0.04728503152728081,0.8970827460289001,0.04100283980369568,0.00621141167357564,0.05097724869847298
0.7048323750495911,0.6671352386474609,0.5869165658950806,0.805815577507019,0.40513813495635986,0.49901387095451355,0.5854110717773438,0.7561029195785522,0.7224438190460205,0.697024405002594,0.46661752462387085,0.9804786443710327,0.789898693561554,0.1514831930398941,0.07628513127565384
0.6198413968086243,0.7139207720756531,0.42169082164764404,0.773285984992981,0.27602270245552063,0.2795315086841583,0.2173701822757721,0.27510932087898254,0.16701310873031616,0.5026037693023682,0.4417554438114166,0.6819307804107666,0.752646803855896,0.3090096712112427,0.24414962530136108
0.14164498448371887,0.28002703189849854,0.0986931249499321,0.10595645010471344,0.01571359857916832,0.03511970490217209,0.21558088064193726,0.16126616299152374,0.13497382402420044,0.482553094625473,0.1363198310136795,0.13224688172340393,0.2488791048526764,0.030885426327586174,0.20067793130874634
0.2417742758989334,0.7381644248962402,0.028031280264258385,0.054130736738443375,0.0047859735786914825,0.1200469434261322,0.016247911378741264,0.34548690915107727,7.786197238601744e-05,0.04623618721961975,0.3093582093715668,0.42169809341430664,0.11280187964439392,0.017593080177903175,0.07662875950336456
0.22104062139987946,0.5013148784637451,0.019142024219036102,0.06232042610645294,0.00431755930185318,0.004680451937019825,0.004949370864778757,0.011236729100346565,0.00019885537039954215,0.16270537674427032,0.21000786125659943,0.2939966022968292,0.014346715994179249,0.03126779571175575,0.08503887802362442
0.6902226805686951,0.5705491304397583,0.5980774164199829,0.6004533767700195,0.42029309272766113,0.5883440971374512,0.2997754216194153,0.569641649723053,0.22817569971084595,0.48632729053497314,0.3560839593410492,0.7434492707252502,0.47220245003700256,0.1101251095533371,0.14318066835403442
0.742033839225769,0.6376770734786987,0.4624994099140167,0.6786326766014099,0.4525662660598755,0.3469676077365875,0.2600357234477997,0.5515832901000977,0.5592960715293884,0.5430551171302795,0.5243035554885864,0.7257543802261353,0.5576522350311279,0.02912185527384281,0.09334337711334229
0.6449489593505859,0.7652589082717896,0.6136469841003418,0.6144421100616455,0.3122411072254181,0.5199028849601746,0.4265701472759247,0.4524320065975189,0.6524855494499207,0.6428779363632202,0.5587659478187561,0.7531713247299194,0.6721315383911133,0.00027937020058743656,0.15630026161670685
0.7155447006225586,0.6824333667755127,0.2648843228816986,0.6651748418807983,0.35534656047821045,0.3724762201309204,0.21411959826946259,0.5370200276374817,0.2612016797065735,0.23375564813613892,0.29217424988746643,0.7403393983840942,0.7292723655700684,0.081749826669693,0.11157390475273132
0.8898476958274841,0.8275972604751587,0.5699950456619263,0.770911455154419,0.6048962473869324,0.5818511843681335,0.6429600715637207,0.8761568665504456,0.36744678020477295,0.7446920275688171,0.5035812854766846,0.8412763476371765,0.8194022178649902,0.14690954983234406,0.2756786644458771
0.782599151134491,0.8084830641746521,0.7110691070556641,0.6872132420539856,0.6767299175262451,0.584155261516571,0.5192925930023193,0.6641553640365601,0.5074809789657593,0.7445729970932007,0.5065941214561462,0.7798869609832764,0.7561860680580139,0.2145039439201355,0.3708644509315491
0.01601434126496315,0.19143229722976685,0.0014746624510735273,0.0011132288491353393,0.001465439097955823,0.004872308578342199,0.0004939889768138528,0.013924314640462399,4.673336661653593e-05,0.00964867789298296,0.03405299410223961,0.14203394949436188,0.00959894247353077,0.0013439856702461839,0.04549463838338852
0.8599415421485901,0.7855063676834106,0.3777067959308624,0.5602109432220459,0.4110986292362213,0.2317330539226532,0.7240555882453918,0.5616961717605591,0.7523428201675415,0.7794134616851807,0.7420161962509155,0.7594755291938782,0.7223177552223206,0.0008577457047067583,0.09142005443572998
0.09961765259504318,0.6646246910095215,0.10363253206014633,0.25397172570228577,0.009960115887224674,0.08085857331752777,0.010592201724648476,0.0448862686753273,0.00031217283685691655,0.3291880786418915,0.13804465532302856,0.1949702948331833,0.046580974012613297,0.011177056469023228,0.12824910879135132
0.6727829575538635,0.7841076254844666,0.49850359559059143,0.8069484829902649,0.4306710958480835,0.5350227355957031,0.35935553908348083,0.7628511786460876,0.45993679761886597,0.6892717480659485,0.6356192231178284,0.8242694735527039,0.789130449295044,0.08860629796981812,0.20469902455806732
0.04355243965983391,0.3732493221759796,0.01841908134520054,0.017329538241028786,0.008406521752476692,0.02436540648341179,0.012728879228234291,0.29696622490882874,0.000565821654163301,0.05383903533220291,0.02383476123213768,0.24496830999851227,0.3701151907444,0.022411614656448364,0.09786424785852432
0.4241257905960083,0.35461142659187317,0.44903165102005005,0.5157843828201294,0.2960326671600342,0.2848348915576935,0.3981848359107971,0.4113914370536804,0.5854897499084473,0.5204693675041199,0.4280645549297333,0.619080126285553,0.7376354932785034,0.12071879953145981,0.033971793949604034
0.6201748251914978,0.7260154485702515,0.7334287166595459,0.7395468354225159,0.6174038052558899,0.7580310106277466,0.5852336883544922,0.6089804768562317,0.6118340492248535,0.6123716235160828,0.3330657482147217,0.43133440613746643,0.8155516982078552,0.09536400437355042,0.02076422981917858
0.08045240491628647,0.47745728492736816,0.5260858535766602,0.6184154748916626,0.3005679249763489,0.21553178131580353,0.21761454641819,0.5433448553085327,0.32973191142082214,0.5176581740379333,0.6272590160369873,0.48062506318092346,0.19231738150119781,0.2282877117395401,0.034141480922698975
0.4687017500400543,0.7545987963676453,0.3652900457382202,0.7474916577339172,0.575246274471283,0.43628937005996704,0.27293887734413147,0.6257251501083374,0.4754101037979126,0.6730199456214905,0.6373562812805176,0.8171906471252441,0.6611109972000122,0.23117493093013763,0.03898348659276962
0.4693670868873596,0.6717248558998108,0.2616082727909088,0.12760044634342194,0.02129753679037094,0.041145551949739456,0.012901661917567253,0.1831122487783432,0.032611578702926636,0.5792118310928345,0.6779009699821472,0.12857671082019806,0.05262613669037819,0.0144965760409832,0.06757381558418274
0.7479329109191895,0.9221699237823486,0.39611542224884033,0.46480637788772583,0.08869729191064835,0.10743002593517303,0.15437239408493042,0.330176442861557,0.4077073633670807,0.7326551079750061,0.3741609752178192,0.40517672896385193,0.2745823860168457,0.14250095188617706,0.09297270327806473
0.8943475484848022,0.5907430052757263,0.21384382247924805,0.0069485013373196125,0.007550719194114208,0.0538363978266716,0.04981430992484093,0.31930506229400635,0.03734032064676285,0.5651324391365051,0.1580580770969391,0.7214900851249695,0.3825543224811554,0.01814086362719536,0.055285535752773285
0.6318979263305664,0.4572528600692749,0.013552487827837467,0.07246312499046326,0.0031614317558705807,0.053831443190574646,0.006348526105284691,0.04134880006313324,0.00034363201120868325,0.058049917221069336,0.022196166217327118,0.07257211208343506,0.0190390944480896,0.011561301536858082,0.053275663405656815
0.7582565546035767,0.6595376133918762,0.018154824152588844,0.10391790419816971,0.040027592331171036,0.915976345539093,0.003501680912449956,0.1187300905585289,0.00201785727404058,0.24869763851165771,0.032148610800504684,0.1437944769859314,0.5299190282821655,0.00554197933524847,0.11694259196519852
0.8703066110610962,0.7635679841041565,0.25575676560401917,0.7001426219940186,0.1720809042453766,0.7719378471374512,0.5111467242240906,0.7705826759338379,0.5714303851127625,0.619977593421936,0.23752351105213165,0.7963430881500244,0.7891348004341125,0.014740058220922947,0.1622564196586609
0.8563761115074158,0.7462695240974426,0.00705341761931777,0.18398110568523407,0.021160433068871498,0.10605325549840927,0.014119366183876991,0.04089876264333725,0.00021241446665953845,0.2657211720943451,0.016629694029688835,0.3937554657459259,0.02460867539048195,0.005015953443944454,0.08091781288385391
0.763025164604187,0.7096683382987976,0.10402189940214157,0.18129107356071472,0.036991361528635025,0.35096046328544617,0.020243462175130844,0.17713704705238342,0.09815811365842819,0.6758782863616943,0.12930239737033844,0.5137521624565125,0.2191266268491745,0.018725156784057617,0.5722900032997131
0.21758152544498444,0.4124602973461151,0.0037282430566847324,0.0882704108953476,0.0033564248587936163,0.010461658239364624,0.0017554005607962608,0.0034687607549130917,0.00013093255984131247,0.020927725359797478,0.00944019015878439,0.01392082218080759,0.004818761255592108,0.0012618000619113445,0.07680468261241913
0.9592866897583008,0.7115991115570068,0.012449841015040874,0.04538445547223091,0.0016926046228036284,0.0234609954059124,0.0031625209376215935,0.04795500263571739,0.0007180434186011553,0.0717027485370636,0.015226737596094608,0.032698702067136765,0.01759491115808487,0.0067984918132424355,0.06750614941120148
0.7808143496513367,0.6631680727005005,0.2980966866016388,0.47446906566619873,0.19635319709777832,0.29122427105903625,0.18037952482700348,0.34927770495414734,0.0977306216955185,0.45148995518684387,0.22815273702144623,0.39591893553733826,0.35840460658073425,0.035173140466213226,0.1464630514383316
0.8538230061531067,0.7036203742027283,0.2996956408023834,0.5074653029441833,0.14438410103321075,0.4202989339828491,0.46825262904167175,0.502432644367218,0.32012075185775757,0.6427393555641174,0.25113776326179504,0.49258872866630554,0.39243364334106445,0.042076416313648224,0.0377446673810482
0.4011666774749756,0.503501832485199,0.11090147495269775,0.3894538879394531,0.07301405072212219,0.22381816804409027,0.08553224802017212,0.10270672291517258,0.10435790568590164,0.19332946836948395,0.07723645865917206,0.24046777188777924,0.10244409739971161,0.011364524252712727,0.04250345751643181
0.09005801379680634,0.6609659194946289,0.004064106848090887,0.2745072543621063,0.14323411881923676,0.46474745869636536,0.004525241907685995,0.02950097993016243,0.0007585990824736655,0.1357160061597824,0.06667909771203995,0.6482782959938049,0.21502533555030823,0.011316442862153053,0.0678286999464035
0.27780479192733765,0.013395508751273155,0.0006667261477559805,0.0043387943878769875,0.0006584967486560345,0.04920192435383797,0.00026601055287756026,0.0010147277498617768,0.0037930277176201344,0.0010677168611437082,0.002247894648462534,0.0020028536673635244,0.0013800380984321237,0.0006322232075035572,0.011823434382677078
0.8429104089736938,0.7088882923126221,0.6256839036941528,0.7287600040435791,0.4550408124923706,0.6492031812667847,0.45929819345474243,0.7712192535400391,0.3796948492527008,0.747830867767334,0.6440885066986084,0.8638571500778198,0.7793707847595215,0.17709507048130035,0.3255549669265747
0.34164419770240784,0.3877796530723572,0.0067512355744838715,0.0672149509191513,0.00936179980635643,0.0671691969037056,0.001672949525527656,0.01481202058494091,0.0004117631760891527,0.1054673120379448,0.007175685837864876,0.023455064743757248,0.01420688908547163,0.004635431803762913,0.056916844099760056
0.06712101399898529,0.28564003109931946,0.001085421652533114,0.025644440203905106,0.0017304918728768826,0.014852719381451607,0.0009229613351635635,0.004324131645262241,0.0003703325055539608,0.016336360946297646,0.008128412999212742,0.050545983016490936,0.004069062881171703,0.00601130910217762,0.054052188992500305
0.9387523531913757,0.6195448637008667,0.12108591198921204,0.23849903047084808,0.03894154354929924,0.23858699202537537,0.09162770956754684,0.429817795753479,0.032598160207271576,0.44580018520355225,0.10067250579595566,0.30578678846359253,0.2081037312746048,0.02501748315989971,0.1092175766825676
0.3776349127292633,0.7148988246917725,0.09678753465414047,0.48772066831588745,0.06756213307380676,0.16121037304401398,0.15744246542453766,0.13569851219654083,0.020863236859440804,0.606102466583252,0.36333537101745605,0.4041125178337097,0.1461736112833023,0.02005668357014656,0.14432314038276672
0.6508868932723999,0.6815988421440125,0.09059014916419983,0.24748507142066956,0.010862639173865318,0.023308277130126953,0.17281098663806915,0.570022463798523,0.01275036670267582,0.23864811658859253,0.014011312276124954,0.021006854251027107,0.14180296659469604,0.011694164015352726,0.10789594054222107
0.8668627142906189,0.6491770148277283,0.2185210883617401,0.1657600700855255,0.0060446057468652725,0.0584118515253067,0.09619574248790741,0.37497642636299133,0.008008940145373344,0.336700439453125,0.11192220449447632,0.10821401327848434,0.14201411604881287,0.006053183693438768,0.1245172843337059
0.9036204218864441,0.6743358969688416,0.1266418993473053,0.39275920391082764,0.01410152018070221,0.9084926247596741,0.017335576936602592,0.3743104338645935,0.0020952243357896805,0.4049903452396393,0.1327512115240097,0.15171372890472412,0.09468282014131546,0.021254444494843483,0.1545412838459015
0.4911406338214874,0.4052579402923584,0.005587063264101744,0.06427246332168579,0.006189415697008371,0.0698777437210083,0.0014247462386265397,0.01435784250497818,0.0004087404813617468,0.029242612421512604,0.01854216866195202,0.06729722768068314,0.011913432739675045,0.005006507504731417,0.06987766176462173
0.7953912615776062,0.6413587927818298,0.08596554398536682,0.1799086034297943,0.033100225031375885,0.33140793442726135,0.36075350642204285,0.7704254984855652,0.052720822393894196,0.6950107216835022,0.27449992299079895,0.2989111840724945,0.5318138599395752,0.06121596321463585,0.23051859438419342
0.9071977138519287,0.6723748445510864,0.029269933700561523,0.16256648302078247,0.014329957775771618,0.07366795837879181,0.002735902089625597,0.051670584827661514,0.0011077988892793655,0.2290925234556198,0.024913541972637177,0.04530143737792969,0.024021904915571213,0.008429430425167084,0.1190783903002739
0.3139602541923523,0.4150443971157074,0.021469123661518097,0.11940263956785202,0.002362294588238001,0.01771301031112671,0.001578541356138885,0.012664875946938992,0.0007120661321096122,0.07464360445737839,0.05836289003491402,0.14017537236213684,0.053304273635149,0.036832261830568314,0.06081608310341835
0.21155399084091187,0.5043555498123169,0.016624784097075462,0.031586598604917526,0.0021812322083860636,0.07882725447416306,0.0016846484504640102,0.022715386003255844,0.0007894825539551675,0.038758691400289536,0.019334066659212112,0.09979497641324997,0.029345521703362465,0.0024639496114104986,0.049259889870882034
0.6902824640274048,0.7791089415550232,0.017069051042199135,0.3323933482170105,0.03988577798008919,0.46807345747947693,0.017228523269295692,0.18028122186660767,0.0009876025142148137,0.7180249691009521,0.1117045059800148,0.2876407504081726,0.2819545567035675,0.02534915693104267,0.10917456448078156
0.499595046043396,0.7034251093864441,0.005009129177778959,0.1506071239709854,0.04011453688144684,0.8791170716285706,0.041542936116456985,0.09797503054141998,0.02018488571047783,0.07584847509860992,0.07895464450120926,0.34663131833076477,0.04291437566280365,0.01509666908532381,0.017562760040163994
0.4319074749946594,0.7410667538642883,0.21904201805591583,0.3618183434009552,0.0376618355512619,0.46333375573158264,0.12306444346904755,0.9213706851005554,0.7336321473121643,0.5112879276275635,0.254408061504364,0.782727062702179,0.26891711354255676,0.024666162207722664,0.027141137048602104
0.2573627829551697,0.2244867980480194,0.03821389377117157,0.17139245569705963,0.0037614661268889904,0.05382300913333893,0.0034177666530013084,0.2687177062034607,0.026823263615369797,0.15060420334339142,0.03345039114356041,0.11874020844697952,0.13427886366844177,0.0042569562792778015,0.0794493556022644
0.1599855124950409,0.4230450689792633,0.009565270505845547,0.05712011456489563,0.008373620919883251,0.18629689514636993,0.0038057430647313595,0.03912946581840515,0.0003698797372635454,0.034420423209667206,0.02860632911324501,0.1564338654279709,0.046140700578689575,0.08459913730621338,0.05751120299100876
0.7550181150436401,0.5728400945663452,0.40528708696365356,0.7693569660186768,0.6952418088912964,0.5280947089195251,0.6620882153511047,0.7194623947143555,0.5004175901412964,0.587846040725708,0.4470028877258301,0.7923755645751953,0.7146861553192139,0.5411187410354614,0.2264518439769745
0.4233095049858093,0.3866012394428253,0.03098554164171219,0.2212935984134674,0.06766144186258316,0.18004517257213593,0.03882523998618126,0.244492769241333,0.006495737005025148,0.28911206126213074,0.2267134040594101,0.6459028720855713,0.22189268469810486,0.011295481584966183,0.06695543974637985
0.19049298763275146,0.448795348405838,0.3091995120048523,0.4983983635902405,0.4085225462913513,0.05139608308672905,0.03498466685414314,0.16886091232299805,0.2313624918460846,0.5828384757041931,0.38419046998023987,0.6876655220985413,0.22371304035186768,0.06748456507921219,0.04637569934129715
0.873534083366394,0.6062847375869751,0.08924604952335358,0.25275668501853943,0.23354822397232056,0.5948572754859924,0.2299782931804657,0.6005223989486694,0.030036525800824165,0.6404781341552734,0.39724257588386536,0.5151851177215576,0.276477187871933,0.5370258688926697,0.013113549910485744
0.9356116652488708,0.5040069222450256,0.0021719338838011026,0.06207478046417236,0.004051688592880964,0.04704219847917557,0.0013214955106377602,0.004952182061970234,0.00022272286878433079,0.041654229164123535,0.01030033640563488,0.1885002851486206,0.05692683532834053,0.008066927082836628,0.06864119321107864
0.6906737685203552,0.7237355709075928,0.041909269988536835,0.0733826532959938,0.0067830765619874,0.3232824206352234,0.01818021386861801,0.13176655769348145,0.00018073756655212492,0.26642438769340515,0.04722346365451813,0.25591620802879333,0.18730372190475464,0.00873494241386652,0.12797288596630096
0.5249730348587036,0.39880016446113586,0.004543585702776909,0.025312278419733047,0.010852445848286152,0.06906275451183319,0.013354075141251087,0.6790622472763062,0.001599373877979815,0.26961421966552734,0.08916959911584854,0.39042145013809204,0.16036538779735565,0.00929295364767313,0.03636080399155617
0.437614381313324,0.3394303321838379,0.03309210017323494,0.08136212825775146,0.0061364141292870045,0.23921048641204834,0.004063591361045837,0.29324012994766235,0.0007827267982065678,0.05306435003876686,0.15987440943717957,0.5312440991401672,0.18471750617027283,0.008432907983660698,0.028614826500415802
0.7847173810005188,0.6332192420959473,0.20538637042045593,0.43921154737472534,0.0853622704744339,0.37657421827316284,0.5852050185203552,0.8550093770027161,0.11950404942035675,0.604493260383606,0.35085201263427734,0.7234354615211487,0.6517812013626099,0.6121042966842651,0.14395850896835327
0.5826799273490906,0.4044307768344879,0.004035153891891241,0.006946916691958904,0.0020224947948008776,0.4701574444770813,0.003563754493370652,0.047656409442424774,0.000499218178447336,0.24244964122772217,0.01101575419306755,0.047798965126276016,0.020663205534219742,0.0016569870058447123,0.0525578148663044
0.8542842268943787,0.7955982089042664,0.11906659603118896,0.16359668970108032,0.009606115520000458,0.39876893162727356,0.048099156469106674,0.321933776140213,0.006470820400863886,0.2591298222541809,0.049034204334020615,0.4488570988178253,0.09756819158792496,0.09000857919454575,0.041249413043260574
0.885277509689331,0.8128069639205933,0.028964217752218246,0.044045016169548035,0.005470695439726114,0.28782039880752563,0.010931686498224735,0.15858478844165802,0.0003061317256651819,0.11607697606086731,0.043216023594141006,0.14228926599025726,0.08253952860832214,0.008549869060516357,0.08669410645961761
0.8782729506492615,0.8024141788482666,0.048683036118745804,0.20377667248249054,0.03031664527952671,0.652533233165741,0.042218588292598724,0.4344964623451233,0.0011671555694192648,0.3944180905818939,0.09160228818655014,0.3019448518753052,0.31037187576293945,0.005981076508760452,0.16828934848308563
0.9270685315132141,0.6102318167686462,0.04154062271118164,0.03259560465812683,0.0014787223190069199,0.4942675232887268,0.002766603836789727,0.07663934677839279,0.00044411313137970865,0.13061735033988953,0.01970139890909195,0.06120482459664345,0.10523207485675812,0.07766876369714737,0.03146575018763542
0.6137070655822754,0.6083203554153442,0.011292570270597935,0.07805152237415314,0.0029871719889342785,0.7293935418128967,0.00468025729060173,0.11838415265083313,0.00044465551036410034,0.1500571072101593,0.02505142241716385,0.9413686394691467,0.2083258181810379,0.010418747551739216,0.052176494151353836
0.8199271559715271,0.6602504849433899,0.3072253167629242,0.4361262917518616,0.19809789955615997,0.4660295248031616,0.6758678555488586,0.8695807456970215,0.3826543986797333,0.7681964039802551,0.44261160492897034,0.7770648002624512,0.6843740940093994,0.3643230199813843,0.09484811127185822
0.9094608426094055,0.8175084590911865,0.8410943746566772,0.8983117341995239,0.7236234545707703,0.8977546095848083,0.7064788937568665,0.7559302449226379,0.606151282787323,0.7020787596702576,0.6885803937911987,0.8717495799064636,0.7720908522605896,0.22356823086738586,0.7099960446357727
0.5845473408699036,0.4588058590888977,0.015719087794423103,0.04492820426821709,0.0030834958888590336,0.10393431782722473,0.007246388588100672,0.06071962043642998,0.004054383374750614,0.14071258902549744,0.060073092579841614,0.09530636668205261,0.1232057437300682,0.004078031983226538,0.07224563509225845
0.6080199480056763,0.4727296233177185,0.03722758963704109,0.05696961283683777,0.0071975248865783215,0.19620704650878906,0.018754974007606506,0.12088692933320999,0.0022065904922783375,0.15894877910614014,0.07212363183498383,0.4500110447406769,0.29378584027290344,0.020402850583195686,0.08752856403589249
0.7782302498817444,0.5806083083152771,0.030764486640691757,0.056656669825315475,0.0031170668080449104,0.29088959097862244,0.00922365766018629,0.06275612860918045,0.0006971640978008509,0.037537600845098495,0.024574093520641327,0.08245092630386353,0.11643891036510468,0.0019523968221619725,0.11287771910429001
0.7495288848876953,0.6650329828262329,0.0970221757888794,0.14007961750030518,0.007791389711201191,0.4515267610549927,0.023580346256494522,0.167537122964859,0.004078360740095377,0.1732659637928009,0.07992269843816757,0.2248958945274353,0.2088353931903839,0.05484014004468918,0.07195863127708435
0.8535990715026855,0.5195304155349731,0.04528247192502022,0.04471096396446228,0.006093010306358337,0.09642740339040756,0.006126916967332363,0.05758853256702423,0.004100873600691557,0.1530512124300003,0.08497488498687744,0.23102666437625885,0.1130070760846138,0.009276133961975574,0.05177577584981918
0.7856588959693909,0.6363534331321716,0.031905099749565125,0.19939033687114716,0.006331212352961302,0.17414362728595734,0.014468351379036903,0.18423718214035034,0.0014376681065186858,0.2886790931224823,0.03988465294241905,0.19252678751945496,0.0872521921992302,0.010136800818145275,0.1074712947010994
0.93017578125,0.8518211245536804,0.8607485294342041,0.9034347534179688,0.7792913913726807,0.8881500363349915,0.6918494701385498,0.7786276936531067,0.6521304249763489,0.7221487760543823,0.7003260850906372,0.872498631477356,0.7778371572494507,0.23695534467697144,0.6294329166412354
0.656295895576477,0.74024498462677,0.009403197094798088,0.13691645860671997,0.01073900144547224,0.1610276699066162,0.0024672525469213724,0.015311257913708687,0.00021344494598452002,0.18293313682079315,0.051340002566576004,0.5047791600227356,0.08980593085289001,0.009006509557366371,0.04511917382478714
0.9783211350440979,0.9644400477409363,0.05600834637880325,0.20915192365646362,0.01633491739630699,0.22744297981262207,0.008863624185323715,0.3720161020755768,0.011913291178643703,0.47699496150016785,0.011693685315549374,0.10647813230752945,0.10676968097686768,0.013427570462226868,0.09996692091226578
0.7911367416381836,0.8789359927177429,0.008474834263324738,0.038711562752723694,0.0008484164136461914,0.012099559418857098,0.0007411323604173958,0.018344782292842865,0.0003934927808586508,0.3301871716976166,0.00797321181744337,0.015217713080346584,0.01231144368648529,0.006659379694610834,0.1303948014974594
0.8763120174407959,0.9380874633789062,0.034335602074861526,0.24973462522029877,0.005690949968993664,0.09354765713214874,0.002782484982162714,0.16281265020370483,0.0014301531482487917,0.3139454126358032,0.027327243238687515,0.06969408690929413,0.048261187970638275,0.010256648994982243,0.07382608950138092
0.8898976445198059,0.9023956656455994,0.015801651403307915,0.11326216161251068,0.029152266681194305,0.10582619160413742,0.006505805999040604,0.10681142657995224,0.001730612013489008,0.6132755279541016,0.010908951982855797,0.4933077096939087,0.04209442809224129,0.009170979261398315,0.2036638855934143
0.9306105375289917,0.9435180425643921,0.037229470908641815,0.23564733564853668,0.027886701747775078,0.12933117151260376,0.017848916351795197,0.4387231171131134,0.0006265082629397511,0.6667959690093994,0.01709217019379139,0.1716323047876358,0.07217393070459366,0.019933341071009636,0.2508101463317871
0.9368535280227661,0.9219322204589844,0.009331127628684044,0.16596467792987823,0.015120014548301697,0.0955459475517273,0.004190098028630018,0.08966754376888275,0.0005533648072741926,0.4432038962841034,0.009659824892878532,0.09960019588470459,0.02270316891372204,0.009870592504739761,0.2025352418422699
0.892734169960022,0.7937343120574951,0.04380860552191734,0.2855454385280609,0.013337953947484493,0.1372220665216446,0.01468988973647356,0.06003311276435852,0.00131507171317935,0.41403019428253174,0.02858300320804119,0.2112378031015396,0.06140996888279915,0.004469271749258041,0.10019788891077042
0.9395943284034729,0.8914840221405029,0.013636992312967777,0.24328525364398956,0.0028507837560027838,0.33478736877441406,0.005712619982659817,0.5335891246795654,0.00013287282490637153,0.29760685563087463,0.035031940788030624,0.046225763857364655,0.05003107339143753,0.016098491847515106,0.07414740324020386
0.6287183165550232,0.4281885027885437,0.05349532142281532,0.5842453837394714,0.3194579482078552,0.6558653116226196,0.175373837351799,0.2315218299627304,0.004734837915748358,0.06255412101745605,0.12349449098110199,0.2613883912563324,0.2410348802804947,0.08116379380226135,0.07303345948457718
0.9129804372787476,0.7808064222335815,0.8387710452079773,0.8726820349693298,0.7148224115371704,0.857140302658081,0.6539897322654724,0.7261730432510376,0.5620449781417847,0.6969099044799805,0.6324903964996338,0.8543142080307007,0.736231803894043,0.19865791499614716,0.518427848815918
0.6154513359069824,0.7534365057945251,0.002204158343374729,0.007234614808112383,0.0033541577868163586,0.9546762704849243,0.0036215828731656075,0.7721182107925415,0.00014662413741461933,0.2934280335903168,0.1901559829711914,0.09892333298921585,0.07031615823507309,0.13320119678974152,0.07430597394704819
0.5914204120635986,0.7828672528266907,0.7453768253326416,0.7609337568283081,0.6463328003883362,0.6739965677261353,0.3038561940193176,0.5388975739479065,0.5103835463523865,0.8098167181015015,0.45218831300735474,0.7867947220802307,0.5336957573890686,0.0742284432053566,0.645570695400238
0.45118868350982666,0.4023740291595459,0.015652015805244446,0.0158123467117548,0.003399141598492861,0.05791046470403671,0.01293760072439909,0.23740051686763763,0.0011470593744888902,0.05804402008652687,0.010923429392278194,0.06066927686333656,0.06004411354660988,0.004203478805720806,0.08529540151357651
0.38211628794670105,0.28083521127700806,0.010333236306905746,0.017300555482506752,0.0020613393280655146,0.07069366425275803,0.007344947196543217,0.259052038192749,0.0014829791616648436,0.2038043588399887,0.02748323790729046,0.0536179319024086,0.08946829289197922,0.006365375593304634,0.09019507467746735
0.7460682988166809,0.2507438063621521,0.024080604314804077,0.012815883383154869,0.0009119578171521425,0.1855716109275818,0.004269788507372141,0.04841507598757744,0.00020966643933206797,0.02230066806077957,0.018902204930782318,0.1283285915851593,0.06111590191721916,0.0027342932298779488,0.024722201749682426
0.8101608157157898,0.9205693602561951,0.012133290991187096,0.02879323996603489,0.002002990571781993,0.32119020819664,0.0034888177178800106,0.12647496163845062,0.0003960906178690493,0.14289866387844086,0.017128881067037582,0.018537865951657295,0.03636713698506355,0.009938202798366547,0.08465926349163055
0.97266685962677,0.16015279293060303,0.02474859170615673,0.05322052165865898,0.046656787395477295,0.09608353674411774,0.17073047161102295,0.26714426279067993,0.07869604974985123,0.2179063856601715,0.04252449423074722,0.07067111134529114,0.2955263555049896,0.028084775432944298,0.006832037586718798
0.9125677943229675,0.658923864364624,0.22450903058052063,0.3206372559070587,0.19355028867721558,0.4596337080001831,0.4086729884147644,0.4886707663536072,0.22876767814159393,0.6989320516586304,0.13742364943027496,0.7024475336074829,0.5567958354949951,0.05111372843384743,0.03665344417095184
0.9696225523948669,0.6661376953125,0.06341739743947983,0.1405525505542755,0.003340967698022723,0.40336576104164124,0.049754396080970764,0.47055596113204956,0.004080915357917547,0.31923505663871765,0.013934849761426449,0.05620083957910538,0.0661870688199997,0.008972554467618465,0.026891540735960007
0.905335545539856,0.7458237409591675,0.8037359714508057,0.8437904715538025,0.6845604777336121,0.8244172930717468,0.6068249344825745,0.681215763092041,0.5270432233810425,0.6509082317352295,0.5994086861610413,0.848542332649231,0.7094008922576904,0.1705837994813919,0.5597789287567139
0.6681346893310547,0.6567671298980713,0.5449128746986389,0.6035363078117371,0.22919632494449615,0.21548587083816528,0.23883281648159027,0.5300664901733398,0.1200006753206253,0.6761758923530579,0.29880332946777344,0.5690276026725769,0.44199904799461365,0.04768365994095802,0.11513280868530273
0.4371439516544342,0.5225818753242493,0.19512352347373962,0.49328702688217163,0.13019707798957825,0.20678189396858215,0.40588128566741943,0.671123206615448,0.23189228773117065,0.3784012794494629,0.21706418693065643,0.9686428308486938,0.48036250472068787,0.14590682089328766,0.05743717402219772
0.2482852339744568,0.6551940441131592,0.010509507730603218,0.15767019987106323,0.01251607108861208,0.2963779866695404,0.010759159922599792,0.21241001784801483,0.0011035458883270621,0.1234193667769432,0.19121362268924713,0.9812266230583191,0.5625557899475098,0.004138768184930086,0.11342447996139526
0.7413666248321533,0.7716020345687866,0.12323278188705444,0.3060297966003418,0.05979713797569275,0.6670994758605957,0.02812930755317211,0.5177487134933472,0.006457990501075983,0.5184396505355835,0.24101965129375458,0.9845792055130005,0.5910754203796387,0.030970396474003792,0.09577050060033798
0.5091865658760071,0.17167361080646515,0.05690138414502144,0.2993786334991455,0.011657060123980045,0.034429021179676056,0.06414969265460968,0.17869460582733154,0.10579819232225418,0.3311517834663391,0.1546090543270111,0.9468566179275513,0.9416697025299072,0.003971366211771965,0.028822675347328186
0.6727606654167175,0.4909502863883972,0.5319052934646606,0.2141718715429306,0.21991856396198273,0.24530941247940063,0.25540465116500854,0.4364614486694336,0.363211452960968,0.5343574285507202,0.3114413917064667,0.7010412216186523,0.4288040101528168,0.06880756467580795,0.08591537177562714
0.7948115468025208,0.23397290706634521,0.13730868697166443,0.25357091426849365,0.061117399483919144,0.792716383934021,0.16424119472503662,0.4526883661746979,0.068738654255867,0.6160790920257568,0.14228858053684235,0.43547531962394714,0.28750625252723694,0.0973115935921669,0.0430101715028286
0.711870014667511,0.7759901285171509,0.2669207751750946,0.7606772780418396,0.5181508660316467,0.7662076950073242,0.3777281939983368,0.7554819583892822,0.4897937476634979,0.6441904902458191,0.5560315847396851,0.7019586563110352,0.5473387241363525,0.10069724172353745,0.11592839658260345
0.45928725600242615,0.7163004279136658,0.7400997877120972,0.8133848905563354,0.6241520047187805,0.3248773217201233,0.4829053282737732,0.6894481778144836,0.5316221714019775,0.6287062764167786,0.40984636545181274,0.6534304022789001,0.5933597087860107,0.1981290727853775,0.11041156947612762
0.14274145662784576,0.4489949643611908,0.006269930396229029,0.0038284556940197945,0.003593058092519641,0.19561994075775146,0.0008761371718719602,0.02936995029449463,0.00013625742576550692,0.007219893392175436,0.013406935147941113,0.27891021966934204,0.056936394423246384,0.0048305741511285305,0.02983434870839119
0.3385230600833893,0.24947352707386017,0.027646740898489952,0.007134983316063881,0.0009126386139541864,0.29903551936149597,0.0024827574379742146,0.09323424845933914,0.00025766814360395074,0.024170033633708954,0.0384540893137455,0.08094238489866257,0.05875919759273529,0.007565850391983986,0.0308956578373909
0.7921168804168701,0.5573506951332092,0.29170823097229004,0.6446807384490967,0.4179472327232361,0.3845209777355194,0.43180549144744873,0.7297218441963196,0.5990817546844482,0.5987282395362854,0.36057958006858826,0.6676406860351562,0.4315437972545624,0.07638628780841827,0.11795582622289658
0.9216370582580566,0.8983193039894104,0.10122926533222198,0.42041677236557007,0.07522986084222794,0.30800169706344604,0.3487760126590729,0.6053943634033203,0.5075448751449585,0.5619521737098694,0.17117716372013092,0.4969881474971771,0.2735658884048462,0.050853561609983444,0.13415569067001343
0.9321940541267395,0.8589518070220947,0.06772873550653458,0.17232072353363037,0.0046875206753611565,0.9044920206069946,0.011255529709160328,0.4461321532726288,0.000298974133329466,0.43867942690849304,0.041183143854141235,0.07236127555370331,0.13338983058929443,0.1662694215774536,0.0480765737593174
0.684401273727417,0.43270760774612427,0.040274910628795624,0.025582270696759224,0.003288480918854475,0.6768566966056824,0.019358085468411446,0.1853673756122589,0.00023651505762245506,0.10714081674814224,0.033117860555648804,0.03573499992489815,0.06423110514879227,0.002009876072406769,0.03687003627419472
0.9069916009902954,0.6512208580970764,0.19872096180915833,0.7984069585800171,0.20416681468486786,0.6689471006393433,0.3825315237045288,0.7116667032241821,0.7542163729667664,0.8047728538513184,0.3495429754257202,0.6029977798461914,0.26685166358947754,0.0011482497211545706,0.0869174376130104
0.23147721588611603,0.2515682578086853,0.020483260974287987,0.007850038819015026,0.0008544627926312387,0.24039717018604279,0.0017713002162054181,0.022689606994390488,0.0004133719194214791,0.006765563040971756,0.02784167230129242,0.041369181126356125,0.015527534298598766,0.001811644877307117,0.03844793885946274
0.730491042137146,0.6818070411682129,0.012228874489665031,0.03537600859999657,0.0057220482267439365,0.8620712161064148,0.0022382820025086403,0.5473713278770447,0.00045844996930100024,0.34776461124420166,0.12733447551727295,0.080783411860466,0.04292606934905052,0.01653977856040001,0.09474043548107147
0.1154288575053215,0.3559257984161377,0.00658290833234787,0.007227711379528046,0.0011718545574694872,0.05350398272275925,0.0022539973724633455,0.22739611566066742,0.0002631839015521109,0.04777755215764046,0.019518708810210228,0.3553067445755005,0.03755316510796547,0.008964214473962784,0.12083084881305695
0.7973875403404236,0.7110270857810974,0.5920334458351135,0.7747415900230408,0.5443958640098572,0.6308729648590088,0.5558605790138245,0.722889244556427,0.6156780123710632,0.7206659317016602,0.5714210271835327,0.8468335866928101,0.7212359309196472,0.23459674417972565,0.3670816719532013
0.6727158427238464,0.5613923668861389,0.03654707223176956,0.015873249620199203,0.0013809421798214316,0.8316060304641724,0.0013717245310544968,0.37812063097953796,0.00011337023897795007,0.48855528235435486,0.07751961797475815,0.18447168171405792,0.042574238032102585,0.0031368378549814224,0.023902928456664085
0.6711100339889526,0.3111035227775574,0.1572134643793106,0.03223533183336258,0.002882476896047592,0.057131215929985046,0.015079029835760593,0.11898890137672424,0.000286555994534865,0.32590487599372864,0.056497301906347275,0.057729728519916534,0.037572816014289856,0.004666443448513746,0.1097288504242897
0.8887830376625061,0.42223766446113586,0.004091027192771435,0.021897638216614723,0.0007059143390506506,0.7778241634368896,0.0020181522704660892,0.136245459318161,2.870751268346794e-05,0.011608361266553402,0.023873187601566315,0.03497923165559769,0.045299556106328964,0.0038945137057453394,0.045661810785532
0.6816728711128235,0.6077815294265747,0.12706638872623444,0.18095476925373077,0.007982626557350159,0.2885635495185852,0.0366237498819828,0.6061943769454956,0.0012270291335880756,0.3635631799697876,0.11033345013856888,0.25439295172691345,0.17496490478515625,0.0058616213500499725,0.14904822409152985
0.6888028979301453,0.10753889381885529,0.030869048088788986,0.005710738245397806,0.0029447367414832115,0.04389910399913788,0.24330687522888184,0.42138898372650146,0.03449273109436035,0.5050100684165955,0.020922129973769188,0.12852078676223755,0.33006197214126587,0.012776860035955906,0.01751210168004036
0.7346627712249756,0.4461061358451843,0.18376803398132324,0.4037652015686035,0.15663188695907593,0.27240368723869324,0.4625357687473297,0.7126770615577698,0.20052385330200195,0.5920847654342651,0.36260199546813965,0.5135759115219116,0.3719792068004608,0.13102096319198608,0.04926006495952606
0.8662192821502686,0.5957238078117371,0.3603523373603821,0.8634016513824463,0.7648482918739319,0.7206535339355469,0.28776833415031433,0.7204601168632507,0.6095069050788879,0.7569068670272827,0.12145579606294632,0.8822344541549683,0.6657453775405884,0.03434114158153534,0.0010998642537742853
0.9567047357559204,0.8956297039985657,0.052958883345127106,0.1791432648897171,0.0045369211584329605,0.9415469169616699,0.009855578653514385,0.4708176851272583,0.0002999914577230811,0.4153663218021393,0.04010314121842384,0.08257903903722763,0.138216033577919,0.2558390498161316,0.040724609047174454
0.8312190771102905,0.607437014579773,0.1269395351409912,0.18879647552967072,0.01397021859884262,0.7324962019920349,0.18533159792423248,0.30874520540237427,0.00622032443061471,0.6545283794403076,0.09504847228527069,0.527147650718689,0.3571817874908447,0.07635688036680222,0.05819753557443619
0.997417151927948,0.06892922520637512,7.31923573766835e-05,0.0005772822187282145,0.00010655935329850763,0.0006353758508339524,0.0004159912350587547,0.0005215575802139938,0.00029954491765238345,0.012450923211872578,0.0007308254134841263,0.0015765707939863205,0.0007709415513090789,0.0005061723641119897,0.004783301148563623
0.9533607959747314,0.38034331798553467,0.04161247983574867,0.13538293540477753,0.028402121737599373,0.5551708936691284,0.45128297805786133,0.23558494448661804,0.0444425493478775,0.32407820224761963,0.1381411999464035,0.5782111287117004,0.18902884423732758,0.042673755437135696,0.04322410747408867
0.8372148871421814,0.42103666067123413,0.0059493365697562695,0.0021097767166793346,0.01079137995839119,0.599856972694397,0.13715903460979462,0.018785394728183746,6.408819899661466e-05,0.011908294633030891,0.0153275141492486,0.201747328042984,0.14026916027069092,0.0024047065526247025,0.05053704231977463
0.7574300765991211,0.4185785949230194,0.49629977345466614,0.821564257144928,0.5986251831054688,0.6869524717330933,0.46432119607925415,0.7302876114845276,0.3803790509700775,0.6125460267066956,0.3787771463394165,0.7127980589866638,0.5572913885116577,0.5962594747543335,0.011772164143621922
0.0006606541574001312,0.05113421753048897,0.00013187639706302434,0.09992120414972305,0.0027049800846725702,0.02817954309284687,0.0009867118205875158,0.009219978004693985,8.900607645045966e-05,0.007918884977698326,0.0044305091723799706,0.010897050611674786,0.7510079145431519,0.02077166922390461,0.0009393990621902049
0.4790368974208832,0.5145161151885986,0.00934221688657999,0.052260320633649826,0.17867925763130188,0.7439451813697815,0.1411973237991333,0.11672789603471756,0.0004447062383405864,0.10845102369785309,0.023579420521855354,0.09781940281391144,0.14908632636070251,0.0073797330260276794,0.05997629091143608
0.5354829430580139,0.5342328548431396,0.01916154846549034,0.051150012761354446,0.007437752094119787,0.3488841652870178,0.01668516919016838,0.19797571003437042,0.0004427824169397354,0.03139038383960724,0.04729364067316055,0.2186034917831421,0.4101172387599945,0.005376303568482399,0.09600423276424408
0.30636104941368103,0.5008686184883118,0.6147145628929138,0.5568792819976807,0.322586327791214,0.2744501531124115,0.3057449460029602,0.5274991989135742,0.17432497441768646,0.4615768790245056,0.5616970062255859,0.8489004373550415,0.8240987658500671,0.03962477669119835,0.10270866751670837
0.42975446581840515,0.5344671010971069,0.0070997620932757854,0.014302537776529789,0.003464380046352744,0.6241141557693481,0.00396645488217473,0.19223922491073608,0.00011242468463024125,0.18507708609104156,0.03462262451648712,0.8525945544242859,0.420213520526886,0.010461684316396713,0.04691893607378006
0.9806800484657288,0.6240432262420654,0.01419437862932682,0.05485466867685318,0.023591136559844017,0.26269128918647766,0.1838335245847702,0.6267342567443848,0.004462155047804117,0.9164773225784302,0.14703550934791565,0.7139884829521179,0.6945744156837463,0.040652524679899216,0.06822705268859863
0.6448485255241394,0.6309381723403931,0.029087603092193604,0.6483064889907837,0.7195512652397156,0.5061572790145874,0.2167533040046692,0.47847485542297363,0.010563631542026997,0.42523062229156494,0.06258312612771988,0.04394470527768135,0.7078033089637756,0.022444838657975197,0.0025839065201580524
0.3926342725753784,0.9097222685813904,0.004026185721158981,0.041361235082149506,0.009190591052174568,0.573590874671936,0.0027671779971569777,0.5749316811561584,0.00012125324428780004,0.2877741754055023,0.04229465499520302,0.7029657363891602,0.07614434510469437,0.16560515761375427,0.09493996948003769
0.5813564658164978,0.7354520559310913,0.005947931669652462,0.07185742259025574,0.11858250200748444,0.2604055404663086,0.06811420619487762,0.7085192799568176,0.00024838815443217754,0.5011148452758789,0.05932542309165001,0.5515516400337219,0.834773600101471,0.06659684330224991,0.2631666660308838
0.07023364305496216,0.4332745671272278,0.008506333455443382,0.3381977677345276,0.046463388949632645,0.14008653163909912,0.34526708722114563,0.44017350673675537,0.3781374990940094,0.517890989780426,0.2984810173511505,0.8096908330917358,0.9742787480354309,0.05868343636393547,0.1093071699142456
0.3129061162471771,0.67514568567276,0.12236785143613815,0.2290385663509369,0.016997454687952995,0.022437946870923042,0.11114191263914108,0.3365234434604645,0.03922513872385025,0.17471860349178314,0.2505860924720764,0.5486177802085876,0.8706698417663574,0.005876138806343079,0.0814693421125412
0.7294889688491821,0.7349284291267395,0.039185911417007446,0.2586076259613037,0.11122754216194153,0.6949419379234314,0.011853793635964394,0.473728746175766,0.014539862051606178,0.35986706614494324,0.10622475296258926,0.9800233244895935,0.7574257850646973,0.037646520882844925,0.10904569923877716
0.8782523274421692,0.794295608997345,0.6332186460494995,0.819499671459198,0.4036380350589752,0.39592212438583374,0.41361203789711,0.8125971555709839,0.2102348357439041,0.6654170155525208,0.40604937076568604,0.6735029816627502,0.6279687285423279,0.06484891474246979,0.15564770996570587
0.2642204463481903,0.6296195387840271,0.04300520569086075,0.08481112122535706,0.033879004418849945,0.2029520571231842,0.011379454284906387,0.7959212064743042,0.0005579517455771565,0.20257532596588135,0.07166486233472824,0.6572879552841187,0.8129984736442566,0.015261172316968441,0.12459789961576462
0.8624672889709473,0.7541599273681641,0.05022726207971573,0.16607972979545593,0.004509793594479561,0.2523663341999054,0.0034330973867326975,0.15535663068294525,0.001305003766901791,0.3824487626552582,0.0977051705121994,0.9175707101821899,0.3295072615146637,0.01076268870383501,0.15559697151184082
0.7060378789901733,0.7509559988975525,0.01564650982618332,0.14471803605556488,0.004500767216086388,0.3112352192401886,0.0021518480498343706,0.05503739416599274,0.0002654632262419909,0.23739705979824066,0.07369248569011688,0.7299418449401855,0.18459799885749817,0.020712461322546005,0.08754340559244156
0.025791704654693604,0.3825629651546478,0.003338736016303301,0.003599001793190837,0.0016948407283052802,0.01473244372755289,0.0010596119100227952,0.17140808701515198,0.00010006003867601976,0.025250334292650223,0.008187945932149887,0.08762086182832718,0.01418470311909914,0.0018377234227955341,0.010312043130397797
0.6653776168823242,0.7528272271156311,0.5453506112098694,0.8045175075531006,0.49055054783821106,0.3301064968109131,0.5140306949615479,0.812341034412384,0.6557176113128662,0.7564825415611267,0.47376200556755066,0.8068217039108276,0.6791177988052368,0.1616053730249405,0.15252842009067535
0.36268389225006104,0.56023770570755,0.04134080559015274,0.19179028272628784,0.015549089759588242,0.08675149828195572,0.00275408779270947,0.17386379837989807,0.0011293372372165322,0.040252141654491425,0.10398434847593307,0.6924715638160706,0.13427121937274933,0.005678145680576563,0.11630524694919586
0.40451690554618835,0.06606605648994446,0.041260454803705215,0.05055886134505272,0.0012788923922926188,0.16858598589897156,0.0025767358019948006,0.011876840144395828,0.0005965238087810576,0.09923018515110016,0.05437986180186272,0.0279181357473135,0.017643380910158157,0.003424066351726651,0.02572988159954548
0.8669578433036804,0.7625679969787598,0.05125335231423378,0.40412402153015137,0.10735215991735458,0.31588247418403625,0.09260464459657669,0.38894662261009216,0.14461255073547363,0.723759651184082,0.06575153023004532,0.30345621705055237,0.07254522293806076,0.0016618791269138455,0.12110836803913116
0.7109659910202026,0.5449197888374329,0.015214581042528152,0.051108598709106445,0.0008059335523284972,0.8989546895027161,0.003609679639339447,0.16331332921981812,0.003086791140958667,0.4713197648525238,0.009566630236804485,0.012236254289746284,0.0074502876959741116,0.003409941215068102,0.03195904195308685
0.8366735577583313,0.5490885376930237,0.11920159310102463,0.3525109887123108,0.24041400849819183,0.04020225629210472,0.10626553744077682,0.4226170778274536,0.18776912987232208,0.4988124966621399,0.10104552656412125,0.2590312957763672,0.13144326210021973,0.018697591498494148,0.13239875435829163
0.2206965535879135,0.573062539100647,0.04657493531703949,0.011781768873333931,0.0019713768269866705,0.048065245151519775,0.0035891463048756123,0.004170538391917944,0.0029327303636819124,0.22946009039878845,0.023226039484143257,0.12656734883785248,0.014047952368855476,0.00283564324490726,0.0019176554633304477
0.9396224617958069,0.6637291312217712,0.09909690916538239,0.11450543999671936,0.0021922183223068714,0.03449464216828346,0.00706605426967144,0.05717562884092331,0.02443981170654297,0.24419309198856354,0.0242506954818964,0.024927860125899315,0.029017072170972824,0.008799882605671883,0.019144827499985695
0.8910727500915527,0.45535165071487427,0.028001481667160988,0.06603514403104782,0.0016743310261517763,0.12309197336435318,0.005828521680086851,0.20056025683879852,0.0029017948545515537,0.2970106899738312,0.014741670340299606,0.06530328094959259,0.02526468224823475,0.006173546425998211,0.016434445977211
0.764255702495575,0.7705208659172058,0.30808544158935547,0.38721030950546265,0.04922854155302048,0.12284985184669495,0.11195774376392365,0.3589365482330322,0.19892939925193787,0.5994553565979004,0.3490309417247772,0.6674192547798157,0.31182029843330383,0.030565170571208,0.06791142374277115
0.3928830325603485,0.44517117738723755,0.5956017374992371,0.13767649233341217,0.02443080022931099,0.28321966528892517,0.06367328017950058,0.2910784184932709,0.13126757740974426,0.5330435037612915,0.2327134758234024,0.41756051778793335,0.13587826490402222,0.030189992859959602,0.008688590489327908
0.8215234279632568,0.6205548644065857,0.5987808108329773,0.08373215794563293,0.010020791552960873,0.34115487337112427,0.05962569639086723,0.43092218041419983,0.08954615145921707,0.6603370904922485,0.21430839598178864,0.24361476302146912,0.15100544691085815,0.01286589726805687,0.014981554821133614
0.4294755756855011,0.6629396677017212,0.1342160999774933,0.6002978086471558,0.3106314241886139,0.2921260595321655,0.2622763514518738,0.48890697956085205,0.2941839098930359,0.605220377445221,0.4781413674354553,0.7086211442947388,0.7654036283493042,0.0333063118159771,0.07800161838531494
0.21639300882816315,0.4614097774028778,0.025740396231412888,0.10854235291481018,0.0021780168171972036,0.048469241708517075,0.001435688929632306,0.010748005472123623,0.00035457860212773085,0.0559215322136879,0.08652660995721817,0.670751690864563,0.01972172036767006,0.0017720162868499756,0.05333033576607704
0.8973870277404785,0.8699630498886108,0.11173298954963684,0.19397173821926117,0.012411869131028652,0.6158087253570557,0.014712545089423656,0.27794530987739563,0.00020743075583595783,0.40933987498283386,0.08551861345767975,0.25479140877723694,0.20270538330078125,0.09400656819343567,0.06889091432094574
0.5809049606323242,0.7115381360054016,0.08612869679927826,0.21639148890972137,0.010523829609155655,0.2834792137145996,0.002710600383579731,0.10320954769849777,0.00044158456148579717,0.2418113350868225,0.13905712962150574,0.097012959420681,0.07287140190601349,0.005431260913610458,0.09044132381677628
0.7540434002876282,0.6588046550750732,0.025816036388278008,0.05211940035223961,0.0026892044115811586,0.38248711824417114,0.0035452113952487707,0.9328617453575134,0.0014150728238746524,0.12872576713562012,0.03151720017194748,0.03824472054839134,0.015318905003368855,0.008702118881046772,0.05635115131735802
0.28122827410697937,0.4565429389476776,0.13101738691329956,0.0799422636628151,0.0046574934385716915,0.7764422297477722,0.022180940955877304,0.9690467119216919,0.000903011008631438,0.08582764863967896,0.5671950578689575,0.027862517163157463,0.03490661457180977,0.007616003975272179,0.10511573404073715
0.5679092407226562,0.6398955583572388,0.24477581679821014,0.2982824444770813,0.0631568431854248,0.4290491044521332,0.07324867695569992,0.9536823630332947,0.00626530172303319,0.32458192110061646,0.4272542893886566,0.08946920186281204,0.2723628580570221,0.04991036280989647,0.11424694210290909
0.6770911812782288,0.3290291428565979,0.05016366019845009,0.08384919911623001,0.0031550175044685602,0.38289958238601685,0.008619165979325771,0.45047125220298767,0.0007132561295293272,0.03150778263807297,0.08948712795972824,0.05053885653614998,0.1662466675043106,0.007723008282482624,0.062002312391996384
0.895031750202179,0.855197548866272,0.04083199426531792,0.39499804377555847,0.008675429970026016,0.8164833784103394,0.0038357418961822987,0.21200783550739288,0.000138621122459881,0.7237626314163208,0.06435367465019226,0.09989114850759506,0.0417514443397522,0.0008168612257577479,0.03199606016278267
0.8976970911026001,0.7220851182937622,0.2514567971229553,0.4036816358566284,0.17593705654144287,0.9661900997161865,0.31639203429222107,0.503297746181488,0.00106025708373636,0.28374606370925903,0.08538547903299332,0.35914409160614014,0.49955084919929504,0.008918425999581814,0.10179096460342407
0.8914830684661865,0.8430444002151489,0.06753063201904297,0.21443095803260803,0.014269989915192127,0.7680744528770447,0.007620669435709715,0.1977701634168625,0.0006839429843239486,0.30683767795562744,0.2498680204153061,0.19147245585918427,0.21337996423244476,0.0031608291901648045,0.09074420481920242
0.941909670829773,0.6648297905921936,0.014262309297919273,0.1893436461687088,0.001137848710641265,0.07722820341587067,0.001590767758898437,0.02142672799527645,0.0001303212920902297,0.08642848581075668,0.08199253678321838,0.01177477091550827,0.009076910093426704,0.005265813320875168,0.12707339227199554
0.7408045530319214,0.5895236730575562,0.12088623642921448,0.10844636708498001,0.02292855642735958,0.06999629735946655,0.021582428365945816,0.22596848011016846,0.0014003532705828547,0.4476756751537323,0.12103880196809769,0.09372824430465698,0.14192688465118408,0.012674537487328053,0.12716801464557648
0.6992748379707336,0.8727786540985107,0.090614914894104,0.2863316535949707,0.004187262151390314,0.17288164794445038,0.007066299673169851,0.2843044400215149,0.0006247044075280428,0.20739874243736267,0.31775376200675964,0.06328538060188293,0.01827353797852993,0.004206181038171053,0.10027877986431122
0.17541663348674774,0.37680426239967346,0.009219964034855366,0.034811705350875854,0.02024441957473755,0.04178724065423012,0.02643004059791565,0.017504990100860596,0.0005365858669392765,0.21593022346496582,0.07323114573955536,0.08037833869457245,0.00894905161112547,0.008366396650671959,0.09863106906414032
0.6556447148323059,0.41584911942481995,0.2608140707015991,0.564820408821106,0.008747775107622147,0.4408508241176605,0.005816996563225985,0.024302003905177116,0.0004814421117771417,0.17661193013191223,0.17701663076877594,0.26488566398620605,0.08591765910387039,0.006161184515804052,0.03702424094080925
0.32146206498146057,0.7727056741714478,0.49843311309814453,0.10264190286397934,0.00991894118487835,0.16880187392234802,0.02152947522699833,0.30513545870780945,0.000574422359932214,0.34965842962265015,0.9582167863845825,0.07317784428596497,0.016610391438007355,0.002803741954267025,0.138542041182518
0.14162538945674896,0.23338699340820312,0.28593915700912476,0.2617584764957428,0.002052983967587352,0.022495387122035027,0.006970866117626429,0.20968259871006012,0.329302579164505,0.11569585651159286,0.8558327555656433,0.05108533427119255,0.08851227164268494,0.0001540555531391874,0.02787177450954914
0.9296256899833679,0.8009809851646423,0.13434551656246185,0.10845866054296494,0.00787441711872816,0.08397772163152695,0.057368531823158264,0.5338755249977112,0.0013201627880334854,0.5999919176101685,0.04581424593925476,0.08000767230987549,0.12750236690044403,0.02527344785630703,0.13316117227077484
0.8445461392402649,0.7353454232215881,0.07195818424224854,0.2049836367368698,0.0121527798473835,0.07136328518390656,0.1872369349002838,0.33100321888923645,0.0024910233914852142,0.4497411251068115,0.09217555075883865,0.02801038883626461,0.16201291978359222,0.01695832796394825,0.1335659623146057
0.6783353090286255,0.7074892520904541,0.09027907997369766,0.47256919741630554,0.056264106184244156,0.48769673705101013,0.58760005235672,0.4996432363986969,0.18495070934295654,0.41204550862312317,0.2755733132362366,0.24895310401916504,0.18175539374351501,0.019924746826291084,0.05687934160232544
0.8113552331924438,0.7871706485748291,0.11590410023927689,0.8683569431304932,0.14324702322483063,0.328002005815506,0.08503956347703934,0.5140261650085449,0.0007434770232066512,0.3955300748348236,0.3426119387149811,0.11089479923248291,0.2487361878156662,0.017278309911489487,0.16164825856685638
0.7687385678291321,0.4981987178325653,0.46784788370132446,0.475635826587677,0.33444851636886597,0.2157532274723053,0.5443145036697388,0.16377277672290802,0.29018303751945496,0.6192628741264343,0.1628057360649109,0.7215387225151062,0.5345101952552795,0.08726447075605392,0.0955590084195137
0.9672268629074097,0.7549735307693481,0.09864573180675507,0.8778231143951416,0.011996437795460224,0.29146137833595276,0.04752931743860245,0.2307300567626953,0.0010787463979795575,0.5229222774505615,0.05810617655515671,0.07978089153766632,0.03959667682647705,0.011998756788671017,0.1033441573381424
0.9257487654685974,0.7948785424232483,0.16582141816616058,0.7761990427970886,0.0118439681828022,0.44147053360939026,0.6613385081291199,0.8837049007415771,0.5884593725204468,0.7408379912376404,0.12596344947814941,0.24900272488594055,0.15849334001541138,0.005386208649724722,0.10094349831342697
0.8126715421676636,0.8424007892608643,0.2083592563867569,0.6928298473358154,0.17426550388336182,0.6685203909873962,0.20492391288280487,0.9641035795211792,0.005544740241020918,0.5864356160163879,0.5213238000869751,0.2485782653093338,0.42239609360694885,0.12180226296186447,0.13271936774253845
0.01547706127166748,0.35184967517852783,0.0012192840222269297,0.08717430382966995,0.0010973570169880986,0.005529334768652916,0.0005437663057819009,0.016435733065009117,0.0004187356389593333,0.05553378909826279,0.016348348930478096,0.0549708753824234,0.006965059787034988,0.0022651583421975374,0.027186239138245583
0.4396481215953827,0.5218564867973328,0.027080243453383446,0.019316833466291428,0.014613864943385124,0.08275370299816132,0.028913713991642,0.03203614801168442,0.0036284783855080605,0.5333712100982666,0.05235244706273079,0.4793534576892853,0.3067123293876648,0.015787962824106216,0.08723811060190201
0.03457972779870033,0.1483244001865387,0.0009095309651456773,0.016441697254776955,0.002976475516334176,0.012943058274686337,0.0019765091128647327,0.10929620265960693,0.000543410365935415,0.06048709154129028,0.004837258718907833,0.008998006582260132,0.017361896112561226,0.006198745220899582,0.09693599492311478
0.23160602152347565,0.2462894171476364,0.04707165062427521,0.01776771992444992,0.015437271445989609,0.028585266321897507,0.09630879014730453,0.0944058820605278,0.06575292348861694,0.6655949354171753,0.05155029520392418,0.22738011181354523,0.13449619710445404,0.013473461382091045,0.025342874228954315
0.004907715599983931,0.003498973324894905,0.00043934068526141346,0.0015549947274848819,0.00036174835986457765,0.0016992106102406979,0.00014496232324745506,0.0017517717787995934,0.00018483877647668123,0.0021775055211037397,0.001323994598351419,0.0004015532322227955,0.0022914090659469366,0.0001984986156458035,0.02159893326461315
0.6796911358833313,0.741529643535614,0.07066401094198227,0.18006357550621033,0.03712485730648041,0.10051659494638443,0.014149500988423824,0.4031180441379547,0.007522375322878361,0.5159640312194824,0.05094331502914429,0.30205562710762024,0.20865242183208466,0.013213147409260273,0.1680709719657898
0.12293993681669235,0.26862937211990356,0.0037869615480303764,0.23315632343292236,0.06358323991298676,0.07243156433105469,0.031074820086359978,0.13729146122932434,0.3863673508167267,0.24976234138011932,0.03230362385511398,0.09304174780845642,0.08404930680990219,0.007653517182916403,0.07569311559200287
0.19103242456912994,0.29959407448768616,0.012780679389834404,0.03400189429521561,0.004406426567584276,0.018202178180217743,0.006088318768888712,0.10652319341897964,0.005428283009678125,0.1207970455288887,0.02215360477566719,0.03004133701324463,0.02447647973895073,0.006263981107622385,0.0407806932926178
0.777289092540741,0.7822455763816833,0.12296150624752045,0.3348553478717804,0.02023402974009514,0.2063211351633072,0.08405192196369171,0.4211810827255249,0.036562368273735046,0.6747676730155945,0.13009792566299438,0.38209229707717896,0.5226026773452759,0.05620550736784935,0.17899075150489807
0.04889332503080368,0.008490946143865585,0.0024134342093020678,0.0009716704371385276,0.0007728188065811992,0.006355774123221636,0.0003799647674895823,0.012367305345833302,0.00030704759410582483,0.03716240078210831,0.0024119485169649124,0.0011518857209011912,0.0033550800289958715,0.0009620229830034077,0.01576974056661129
0.4276520013809204,0.36871808767318726,0.06275448948144913,0.03727259114384651,0.00435282476246357,0.04639753699302673,0.013209515251219273,0.2702718675136566,0.041505228728055954,0.5329681038856506,0.04578055441379547,0.06374941766262054,0.10030239075422287,0.007742017041891813,0.08721660077571869
0.13849647343158722,0.01370384730398655,0.0020912152249366045,0.002434573834761977,0.000921534257940948,0.00435829721391201,0.00041784613858908415,0.0030833652708679438,0.0002728946856223047,0.006533962674438953,0.0033453702926635742,0.00187995086889714,0.0032484608236700296,0.000624459411483258,0.021707961335778236
0.674296498298645,0.7226744294166565,0.00840023159980774,0.04472881183028221,0.004593600053340197,0.05241768807172775,0.013659611344337463,0.42571133375167847,0.0023527909070253372,0.5018476247787476,0.025342801585793495,0.06571704894304276,0.1150585263967514,0.007189328316599131,0.09693565219640732
0.5398820638656616,0.47328266501426697,0.03584414720535278,0.0322989858686924,0.0060951183550059795,0.17636637389659882,0.025535915046930313,0.38501912355422974,0.0003024946490768343,0.24604079127311707,0.05762390419840813,0.578914999961853,0.15984487533569336,0.005868168082088232,0.05718102678656578
0.488787978887558,0.657910943031311,0.008160561323165894,0.029758596792817116,0.005596708972007036,0.7436111569404602,0.00571944797411561,0.09860288351774216,0.00033758635981939733,0.03727485612034798,0.020494962111115456,0.12216150760650635,0.05316765233874321,0.014028111472725868,0.06789237260818481
0.9120924472808838,0.5682387351989746,0.19136418402194977,0.2646540105342865,0.005945448763668537,0.5355570316314697,0.003566208528354764,0.6675940752029419,0.04800824075937271,0.8930513858795166,0.09415186196565628,0.0642390325665474,0.06651540100574493,0.008154578506946564,0.08280392736196518
0.9202865958213806,0.8623182773590088,0.04933483153581619,0.6950557827949524,0.006002970039844513,0.5516870617866516,0.002006499096751213,0.6169129014015198,0.1874789297580719,0.9017908573150635,0.14876508712768555,0.24874216318130493,0.06657306104898453,0.004661524668335915,0.03456282988190651
0.6907711625099182,0.13053177297115326,0.1462157517671585,0.9167951941490173,0.1822553277015686,0.0822610929608345,0.04449329897761345,0.3989274203777313,0.5258511304855347,0.70536869764328,0.09223008900880814,0.05766420066356659,0.030424825847148895,0.0009674190660007298,0.001984488917514682
0.5366748571395874,0.4471466839313507,0.38169923424720764,0.6082634329795837,0.16674569249153137,0.3504122793674469,0.1297607570886612,0.26493826508522034,0.1676914095878601,0.5677087903022766,0.10262250155210495,0.5073116421699524,0.21774838864803314,0.04495549201965332,0.09747534990310669
0.1861926019191742,0.9035527110099792,0.011649350635707378,0.08308778703212738,0.004032418597489595,0.11711243540048599,0.004228884819895029,0.04054700955748558,0.0012382944114506245,0.039077192544937134,0.018655136227607727,0.1843092143535614,0.032944101840257645,0.0021826433949172497,0.05280522629618645
0.6325386166572571,0.6501207947731018,0.47906655073165894,0.7225116491317749,0.4058307111263275,0.4478064775466919,0.5181705355644226,0.7173441648483276,0.7623279690742493,0.7665694355964661,0.4740626811981201,0.7645957469940186,0.6575186848640442,0.11693523079156876,0.11931096762418747
0.24649137258529663,0.5127637982368469,0.020567141473293304,0.06841021031141281,0.005522151477634907,0.05769359692931175,0.006136442068964243,0.5394681692123413,0.00013794378901366144,0.01628272235393524,0.113863006234169,0.17090818285942078,0.11656613647937775,0.002584882313385606,0.10248333215713501
0.43486449122428894,0.7030830979347229,0.0304082240909338,0.10099265724420547,0.006555093917995691,0.8444442749023438,0.005511983763426542,0.17615747451782227,0.013620208948850632,0.008501855656504631,0.058806173503398895,0.18509255349636078,0.053546398878097534,0.015521949157118797,0.09377112984657288
0.30359992384910583,0.5608824491500854,0.06390316784381866,0.4247550964355469,0.35016635060310364,0.3167001008987427,0.276332288980484,0.5974580645561218,0.6040439009666443,0.712043821811676,0.21985039114952087,0.21019719541072845,0.07509871572256088,0.023030348122119904,0.021711228415369987
0.7150123119354248,0.5673742294311523,0.1346946656703949,0.45201900601387024,0.2845785617828369,0.5106393694877625,0.3592493236064911,0.7110613584518433,0.4567999243736267,0.7010791301727295,0.28550517559051514,0.4023333489894867,0.31011441349983215,0.04576446861028671,0.04434318467974663
0.797179102897644,0.674012303352356,0.6709850430488586,0.8753100037574768,0.3048590421676636,0.6797417402267456,0.3396129012107849,0.6955528259277344,0.5596933364868164,0.8555881381034851,0.5325335264205933,0.7262000441551208,0.34865424036979675,0.08672429621219635,0.07587309181690216
0.9722362160682678,0.681601345539093,0.017626313492655754,0.05163642764091492,0.0013970042346045375,0.07007420063018799,0.017059164121747017,0.1200895756483078,0.03681458160281181,0.31710997223854065,0.015439538285136223,0.037428222596645355,0.058947041630744934,0.0028695478104054928,0.09249339997768402
0.9719470739364624,0.6476963758468628,0.0017956045921891928,0.05492296814918518,0.0009771145414561033,0.051634736359119415,0.0005582249141298234,0.006786759942770004,0.003176824888214469,0.022415585815906525,0.005469635594636202,0.009640374220907688,0.005358304362744093,0.001017488888464868,0.07973556965589523
0.577637791633606,0.6663253307342529,0.01333625428378582,0.08300121128559113,0.004236065316945314,0.04959322139620781,0.00195964309386909,0.029516493901610374,0.0005232188268564641,0.250413715839386,0.13800598680973053,0.43392395973205566,0.04062690585851669,0.008836505003273487,0.05392606183886528
0.9135844111442566,0.8106380105018616,0.3920225203037262,0.897764265537262,0.5119858980178833,0.6493560671806335,0.5467514395713806,0.8268750905990601,0.2867734134197235,0.9388324022293091,0.7286617159843445,0.8103917837142944,0.5006297826766968,0.735040545463562,0.027370614930987358
0.8718224763870239,0.8013529777526855,0.8881971836090088,0.8092984557151794,0.6502631902694702,0.7101452946662903,0.5791530013084412,0.7536098957061768,0.5865729451179504,0.7083088755607605,0.7096341848373413,0.8748362064361572,0.8192116022109985,0.19152438640594482,0.6392383575439453
0.4710848033428192,0.5983617305755615,0.5973148345947266,0.03935249522328377,0.0351267009973526,0.09036338329315186,0.003972719423472881,0.023718612268567085,0.0001263573212781921,0.02001567929983139,0.20780237019062042,0.11677922308444977,0.02410593442618847,0.0016924345400184393,0.014198367483913898
0.0664597898721695,0.7017940282821655,0.0015413600485771894,0.1399165540933609,0.0108818793669343,0.31848326325416565,0.00201465655118227,0.006331194192171097,6.625286914641038e-05,0.024529026821255684,0.02650650590658188,0.4434317648410797,0.7162467837333679,0.001419236185029149,0.19365912675857544
0.7318404316902161,0.6969595551490784,0.03940596431493759,0.11086047440767288,0.012829429470002651,0.35568782687187195,0.012709292583167553,0.4081401824951172,0.0007624606369063258,0.2328956425189972,0.18243643641471863,0.3701230585575104,0.21982333064079285,0.04119689017534256,0.10812326520681381
0.8698365688323975,0.7934977412223816,0.19740095734596252,0.35616666078567505,0.18399310111999512,0.8325843811035156,0.5867117643356323,0.5018898248672485,0.005023044999688864,0.4831932485103607,0.20181016623973846,0.38701704144477844,0.8858778476715088,0.12144853174686432,0.08094026893377304
0.8832061290740967,0.7393621802330017,0.3695886433124542,0.6522437334060669,0.4409785866737366,0.590090811252594,0.7456031441688538,0.6521294713020325,0.2943846583366394,0.6411771178245544,0.355379581451416,0.8034482002258301,0.8700084090232849,0.15341198444366455,0.11948566883802414
0.636732816696167,0.5203379392623901,0.5301704406738281,0.26729199290275574,0.22745029628276825,0.35182517766952515,0.24076679348945618,0.6677851676940918,0.151425302028656,0.5331732034683228,0.10486399382352829,0.5618264675140381,0.49730220437049866,0.06186523661017418,0.7179699540138245
0.8568568825721741,0.7303088307380676,0.3399343192577362,0.6317890882492065,0.4917510747909546,0.5116557478904724,0.6081772446632385,0.7531116008758545,0.4100789725780487,0.6258473992347717,0.3762657940387726,0.7828420400619507,0.7822247743606567,0.10459288209676743,0.22758249938488007
0.6957485675811768,0.612717866897583,0.16947238147258759,0.5735854506492615,0.10140486061573029,0.33401262760162354,0.3050580322742462,0.5662087202072144,0.16221369802951813,0.5427916049957275,0.29007506370544434,0.7511798739433289,0.9635999798774719,0.06355441361665726,0.09015839546918869
0.8859834671020508,0.5923652052879333,0.34100380539894104,0.49660393595695496,0.15048031508922577,0.1564641147851944,0.21918533742427826,0.5290954113006592,0.17080658674240112,0.4375621974468231,0.3054530918598175,0.4230295717716217,0.9285349249839783,0.04397771134972572,0.17932480573654175
0.6088932752609253,0.7287696599960327,0.3012354373931885,0.41536906361579895,0.2631019353866577,0.26486366987228394,0.34743568301200867,0.6416041254997253,0.03445787355303764,0.5671871900558472,0.37751874327659607,0.7916764616966248,0.9138460159301758,0.057776205241680145,0.22686858475208282
0.6526155471801758,0.46999168395996094,0.46208178997039795,0.5112624764442444,0.24433159828186035,0.3957443833351135,0.43210068345069885,0.6775493621826172,0.3161511719226837,0.6145566701889038,0.5149591565132141,0.7766329050064087,0.8812721371650696,0.10699065029621124,0.125152587890625
0.8056127429008484,0.7775893807411194,0.4510504901409149,0.6039779782295227,0.3196541666984558,0.603515625,0.5613812208175659,0.6334661245346069,0.21618437767028809,0.7624938488006592,0.29949623346328735,0.756959855556488,0.9169103503227234,0.1839817762374878,0.1169590875506401
0.7485799193382263,0.38913679122924805,0.2528177499771118,0.6156047582626343,0.25568687915802,0.19387654960155487,0.3300318717956543,0.4582790434360504,0.37498411536216736,0.4454079270362854,0.19047407805919647,0.5413280725479126,0.6386369466781616,0.03912745416164398,0.05495714023709297
0.0003028020728379488,0.08624090254306793,8.332051947945729e-05,0.00217505288310349,0.001204542233608663,0.03703638166189194,0.00030736284679733217,0.0012891384540125728,3.2318279409082606e-05,0.0011545971501618624,0.0010959893697872758,0.002686290070414543,0.0024740833323448896,0.00022675622312817723,0.004693628754466772
0.0011200500885024667,0.20780719816684723,0.00013994018081575632,0.0036201172042638063,0.0007861228077672422,0.42806801199913025,0.00010053999722003937,0.00043262739200145006,0.2556893527507782,0.02974504418671131,0.0031407347414642572,0.004075216595083475,0.001300727017223835,0.0005565314786508679,0.010407435707747936
0.015961524099111557,0.4272514581680298,0.00029493687907233834,0.005759146064519882,0.000429911888204515,0.15864013135433197,0.0001931847509695217,0.0005034847417846322,5.8095134590985253e-05,0.0008604055037721992,0.002616572193801403,0.0024530813097953796,0.0015812332276254892,0.00022087432444095612,0.0018243440426886082
0.0498928464949131,0.7249853014945984,0.006006511393934488,0.5398064851760864,0.0016376458806917071,0.02744191139936447,0.000890591531060636,0.004629995208233595,0.00020694056001957506,0.007765644695609808,0.014451305381953716,0.42474231123924255,0.11393915116786957,0.0007835515425540507,0.04112472012639046
0.4474242329597473,0.5118470788002014,0.08804257214069366,0.5397016406059265,0.17881084978580475,0.3039111793041229,0.3550969660282135,0.6413865089416504,0.218411386013031,0.6089520454406738,0.11391966789960861,0.45227864384651184,0.7422937154769897,0.020827604457736015,0.01097667496651411
0.012495031580328941,0.18768088519573212,0.0014858425129204988,0.07415268570184708,0.003855547634884715,0.057829320430755615,0.002304300433024764,0.009936369955539703,0.00013564819528255612,0.03410535305738449,0.0252777598798275,0.40774062275886536,0.8520071506500244,0.006208986043930054,0.025625895708799362
0.1104307770729065,0.5577614307403564,0.010413833893835545,0.7494655847549438,0.10405240207910538,0.5655415058135986,0.148820698261261,0.5184164047241211,0.04205862805247307,0.4589873254299164,0.2871142327785492,0.32163938879966736,0.8560938835144043,0.012578518129885197,0.028098516166210175
0.7487127780914307,0.6903982758522034,0.5531823039054871,0.8279916048049927,0.5415028929710388,0.4360220432281494,0.33378854393959045,0.6908613443374634,0.40815654397010803,0.5645899772644043,0.38603517413139343,0.595612108707428,0.509594738483429,0.06958335638046265,0.15238003432750702
0.6179870963096619,0.5748347640037537,0.8643706440925598,0.739132821559906,0.26812613010406494,0.18564707040786743,0.379679799079895,0.6022101640701294,0.3072018027305603,0.4947483241558075,0.7363125085830688,0.43990591168403625,0.8258812427520752,0.07919032871723175,0.2660856246948242
0.8000686764717102,0.66990065574646,0.5056027173995972,0.7420778870582581,0.4901166260242462,0.29712674021720886,0.6152613759040833,0.8274397253990173,0.4491664171218872,0.7152630090713501,0.34421801567077637,0.7423808574676514,0.8680228590965271,0.09793911129236221,0.16951988637447357
0.7959240674972534,0.5177158713340759,0.520423948764801,0.5667303204536438,0.525685727596283,0.533541202545166,0.5724268555641174,0.7565242052078247,0.5850851535797119,0.7407150864601135,0.4676336944103241,0.8519842028617859,0.7308577299118042,0.16284306347370148,0.17296119034290314
0.7899393439292908,0.7531008720397949,0.08448474854230881,0.4365025460720062,0.5207857489585876,0.32099711894989014,0.520237386226654,0.8482076525688171,0.4580290913581848,0.8058331608772278,0.2773556113243103,0.8031215667724609,0.8018642663955688,0.17697857320308685,0.1347057819366455
0.3703858256340027,0.5108925104141235,0.033115725964307785,0.15633785724639893,0.07661055028438568,0.3495728075504303,0.04791547730565071,0.20371635258197784,0.002348555950447917,0.3247241675853729,0.09470617771148682,0.9747601747512817,0.9478404521942139,0.02219044230878353,0.10939790308475494
0.34641289710998535,0.5689238905906677,0.0074836742132902145,0.047103337943553925,0.006255568470805883,0.21142426133155823,0.0035546873696148396,0.3462667763233185,0.0005667871446348727,0.16747121512889862,0.030662430450320244,0.9933041334152222,0.35559889674186707,0.008324366062879562,0.030765632167458534
0.38470181822776794,0.43156927824020386,0.011409866623580456,0.10030551254749298,0.007573508657515049,0.3567819893360138,0.005334016866981983,0.018490305170416832,0.0002590026124380529,0.13576142489910126,0.06651979684829712,0.5835721492767334,0.7521447539329529,0.002870494732633233,0.09977982938289642
0.03179651498794556,0.3520623743534088,0.25164321064949036,0.45063722133636475,0.017708534374833107,0.003880714299157262,0.06891850382089615,0.329416424036026,0.3084665834903717,0.260688841342926,0.49458834528923035,0.9503964185714722,0.4105663001537323,0.019140033051371574,0.12292156368494034
0.7089753150939941,0.6629245281219482,0.4255320727825165,0.5864916443824768,0.4069384038448334,0.36211881041526794,0.49125492572784424,0.6541825532913208,0.6958990693092346,0.6670539975166321,0.5078156590461731,0.8718254566192627,0.7120318412780762,0.13011127710342407,0.15552766621112823
0.5841754078865051,0.4703380763530731,0.024063004180788994,0.24361492693424225,0.021323317661881447,0.1592196673154831,0.10448553413152695,0.18718506395816803,0.0004087046254426241,0.2902226150035858,0.21807725727558136,0.4989347457885742,0.95805424451828,0.03883688524365425,0.05830371752381325
0.5172356963157654,0.6702908873558044,0.4940570294857025,0.6538347601890564,0.24274446070194244,0.3754589557647705,0.3719543516635895,0.5363567471504211,0.3215528726577759,0.6309524774551392,0.719666063785553,0.8832565546035767,0.5739976763725281,0.07740579545497894,0.13906773924827576
0.5754289031028748,0.5639675855636597,0.39527401328086853,0.2948908507823944,0.5093492865562439,0.2247036248445511,0.5765200257301331,0.8123787641525269,0.49204349517822266,0.7024558782577515,0.4104076325893402,0.7472147941589355,0.7082237005233765,0.15001481771469116,0.012848250567913055
0.010910971090197563,0.11673538386821747,0.001023731892928481,0.009289201349020004,0.0005500995321199298,0.025014612823724747,0.00016477836470585316,0.0011307878885418177,7.09305822965689e-05,0.00317565375007689,0.005709294229745865,0.0038282484747469425,0.0004651585186365992,0.00038210084312595427,0.07334260642528534
0.7242703437805176,0.8966242671012878,0.04778551682829857,0.07511582225561142,0.002761576557531953,0.3448660969734192,0.0006570892874151468,0.07942488044500351,0.00042203799239359796,0.059953223913908005,0.04984116554260254,0.11555587500333786,0.024595867842435837,0.002453205408528447,0.06883472949266434
0.809216320514679,0.3294122517108917,0.0019775729160755873,0.0016330104554072022,0.00046141614438965917,0.5832288265228271,0.0003698087821248919,0.042020417749881744,0.0001644815638428554,0.1327754259109497,0.006463656667619944,0.009033777751028538,0.013957194983959198,0.0007494027959182858,0.06009306386113167
0.5268784761428833,0.7159979939460754,0.17782051861286163,0.2639211416244507,0.07823878526687622,0.146889328956604,0.4814172685146332,0.6464605331420898,0.8206272721290588,0.7113050818443298,0.20279072225093842,0.5629127025604248,0.4919099509716034,0.02112039551138878,0.10766541957855225
0.4972713887691498,0.41789710521698,0.2634545564651489,0.3990103304386139,0.19378623366355896,0.023365216329693794,0.01643724925816059,0.04072392359375954,0.08643133193254471,0.3322681784629822,0.07646815478801727,0.462918758392334,0.4099862277507782,0.0509769469499588,0.027004336938261986
0.25413569808006287,0.3418596088886261,0.012439464218914509,0.0052320207469165325,0.0010928711853921413,0.03361572325229645,0.0296001173555851,0.32984650135040283,0.0039209057576954365,0.44374319911003113,0.005339087452739477,0.011353496462106705,0.02671726420521736,0.002445479156449437,0.05382273718714714
0.41195112466812134,0.8931728005409241,0.031050167977809906,0.020485658198595047,0.001909873215481639,0.031116221100091934,0.003174179932102561,0.23867568373680115,0.0017542531713843346,0.43871861696243286,0.01591477356851101,0.03768233209848404,0.09988237172365189,0.0034457407891750336,0.041085079312324524
0.1582706719636917,0.2843751311302185,0.4030943810939789,0.12941817939281464,0.00253002205863595,0.025852004066109657,0.007123005110770464,0.015969911590218544,0.0003327236627228558,0.16566286981105804,0.6681323647499084,0.02535957098007202,0.007146154996007681,0.0005023584817536175,0.06381110846996307
0.6720209717750549,0.6267745494842529,0.19935289025306702,0.13235850632190704,0.004035697318613529,0.5153387188911438,0.003862902522087097,0.2081207036972046,0.0013957915361970663,0.5254456400871277,0.22401754558086395,0.4311498701572418,0.08457224071025848,0.01202046126127243,0.09891148656606674
0.4582836925983429,0.5957335233688354,0.012351073324680328,0.024176491424441338,0.0007704105228185654,0.2241048365831375,0.0005698992754332721,0.006920323241502047,0.00030875945230945945,0.015184418298304081,0.006860279478132725,0.06522532552480698,0.02514186128973961,0.005953053943812847,0.06950013339519501
0.3843117356300354,0.44737619161605835,0.0498514398932457,0.11301323026418686,0.003921042662113905,0.06604214012622833,0.025185558944940567,0.09325958788394928,0.00797731801867485,0.21880516409873962,0.02900657430291176,0.05837412551045418,0.05705327168107033,0.006387066096067429,0.06883576512336731
0.31402587890625,0.23801381886005402,0.005889455787837505,0.002324821427464485,0.0006206141551956534,0.010123997926712036,0.0077644772827625275,0.07982427626848221,0.0005888582672923803,0.0666046142578125,0.013716266490519047,0.018935466185212135,0.05074673146009445,0.002428627572953701,0.028830358758568764
0.7168744206428528,0.8583730459213257,0.08436703681945801,0.21940773725509644,0.01213911920785904,0.7637568116188049,0.007754704914987087,0.32306793332099915,0.0028313964139670134,0.3077913522720337,0.05866837874054909,0.07203451544046402,0.04077368602156639,0.011411737650632858,0.1022932156920433
0.8834881782531738,0.6790072321891785,0.11113819479942322,0.28710946440696716,0.009258739650249481,0.2944757640361786,0.014806944876909256,0.2490340620279312,0.003448106348514557,0.3545262813568115,0.040121398866176605,0.05528794974088669,0.15551960468292236,0.005904593504965305,0.09372067451477051
0.8594858050346375,0.7223522067070007,0.023281987756490707,0.17307740449905396,0.00800904631614685,0.6031107902526855,0.005073271691799164,0.07126787304878235,0.0003306293219793588,0.13911908864974976,0.3404702842235565,0.36690738797187805,0.04958837106823921,0.01683121919631958,0.13128596544265747
0.7040200233459473,0.6681712865829468,0.03992488607764244,0.6260208487510681,0.006050716619938612,0.16375479102134705,0.08367150276899338,0.25559669733047485,0.0008333708392456174,0.26419639587402344,0.0622580386698246,0.044652923941612244,0.06853152811527252,0.010935463011264801,0.0363883376121521
0.5264992713928223,0.5570559501647949,0.005740932654589415,0.04332590848207474,0.003037049900740385,0.33419427275657654,0.0028340406715869904,0.05305236205458641,0.00037090390105731785,0.0433230847120285,0.019247382879257202,0.030079584568738937,0.06117837131023407,0.045635394752025604,0.02053734101355076
0.13548782467842102,0.3369724154472351,0.009654383175075054,0.019910987466573715,0.0011036054929718375,0.06619232892990112,0.0028864555060863495,0.11265695095062256,0.0007058591581881046,0.2531045973300934,0.021876651793718338,0.02733725681900978,0.030645012855529785,0.004550301469862461,0.06788376718759537
0.44733476638793945,0.6239879727363586,0.0024100143928080797,0.03395317494869232,0.0019918859470635653,0.07998688519001007,0.0026559336110949516,0.11746896058320999,5.0606162403710186e-05,0.09389054030179977,0.021132923662662506,0.04534794017672539,0.060643862932920456,0.0036193826235830784,0.10067517310380936
0.8494466543197632,0.6931300163269043,0.10413391143083572,0.38424256443977356,0.03041539527475834,0.889575183391571,0.02881646901369095,0.23009689152240753,0.01577332243323326,0.31931084394454956,0.07348070293664932,0.16755209863185883,0.1337479054927826,0.03122948855161667,0.048531755805015564
0.9436034560203552,0.7584584355354309,0.01729697361588478,0.19156414270401,0.003124804701656103,0.4123973548412323,0.005292550195008516,0.1328221708536148,0.0009464695467613637,0.181690976023674,0.019844960421323776,0.014044420793652534,0.06891152262687683,0.024974400177598,0.05484636500477791
0.9421533346176147,0.8299990892410278,0.12263111025094986,0.3137756884098053,0.055626921355724335,0.7585451006889343,0.03095140866935253,0.4103989899158478,0.014008802361786366,0.4624725580215454,0.0580240823328495,0.18689987063407898,0.17193520069122314,0.02032027579843998,0.05363472178578377
0.864013671875,0.8024187088012695,0.09093150496482849,0.6425546407699585,0.04451547935605049,0.318934828042984,0.11382704228162766,0.47593003511428833,0.002682244870811701,0.4214417338371277,0.09006118029356003,0.22954924404621124,0.08346983045339584,0.02548607625067234,0.16204364597797394
0.10051368176937103,0.5574744939804077,0.013372710905969143,0.24708019196987152,0.003549325978383422,0.005605393089354038,0.0025287941098213196,0.015873108059167862,0.0003186735848430544,0.08049225807189941,0.11716093868017197,0.6570584177970886,0.025723721832036972,0.0008459582459181547,0.05894146487116814
0.7218424081802368,0.6185858845710754,0.26801201701164246,0.5800362825393677,0.2853837013244629,0.3552187979221344,0.3342704474925995,0.5875648856163025,0.16819648444652557,0.5222574472427368,0.2779444754123688,0.6900715231895447,0.6054810285568237,0.1156962662935257,0.10388088971376419
0.8771381974220276,0.9179027080535889,0.08813514560461044,0.26244160532951355,0.01248001679778099,0.7933098077774048,0.004517915192991495,0.16400079429149628,0.004995516501367092,0.33683887124061584,0.07414659112691879,0.11155267059803009,0.02012721449136734,0.01504355575889349,0.0475488007068634
0.7302073240280151,0.8134573101997375,0.30681005120277405,0.5618981719017029,0.12978582084178925,0.43664899468421936,0.18798771500587463,0.47194182872772217,0.061435602605342865,0.5010758638381958,0.30422401428222656,0.39443522691726685,0.2560991644859314,0.05573980137705803,0.14616909623146057
0.8834478855133057,0.6555874347686768,0.3845275938510895,0.5624410510063171,0.44334477186203003,0.3995240032672882,0.3926967978477478,0.7220979928970337,0.18366360664367676,0.5018442273139954,0.3045930564403534,0.6785654425621033,0.8048563003540039,0.19634178280830383,0.15430308878421783
0.8360318541526794,0.8010624051094055,0.7486393451690674,0.8203142285346985,0.5949772596359253,0.39954864978790283,0.5281064510345459,0.767270565032959,0.7086151838302612,0.6662061810493469,0.6606365442276001,0.8838791251182556,0.776933491230011,0.12456139922142029,0.39449676871299744
0.528508186340332,0.5420184135437012,0.4471190273761749,0.6125748753547668,0.007714593783020973,0.35154151916503906,0.004600149113684893,0.7171913385391235,0.20767313241958618,0.18341514468193054,0.4377705156803131,0.8697107434272766,0.046963050961494446,0.01580517739057541,0.03404250741004944
0.8110105395317078,0.8258049488067627,0.830022931098938,0.6751246452331543,0.44313278794288635,0.6003822684288025,0.7528654932975769,0.8794198632240295,0.17821307480335236,0.7423948049545288,0.5525999069213867,0.8386344313621521,0.7956885099411011,0.2562239170074463,0.32976362109184265
0.46814262866973877,0.15432791411876678,0.0010265132877975702,0.02073925919830799,0.00040901839383877814,0.21592429280281067,0.0006115597789175808,0.008420229889452457,8.522942516719922e-05,0.012067974545061588,0.03565467149019241,0.00950180646032095,0.009033270180225372,0.001406587311066687,0.02169438637793064
0.6061389446258545,0.6856242418289185,0.030590543523430824,0.10920213907957077,0.0032677967101335526,0.3237769603729248,0.0016054710140451789,0.031201140955090523,0.0004264252202119678,0.12467271089553833,0.034856539219617844,0.07381889224052429,0.03514154627919197,0.011541278101503849,0.08211882412433624
0.5888476371765137,0.05945223569869995,0.04174310341477394,0.014416643418371677,0.0023566661402583122,0.058327481150627136,0.005219948943704367,0.09168343245983124,0.0017396031180396676,0.21536651253700256,0.030758026987314224,0.02108907327055931,0.019258880987763405,0.002589358249679208,0.05765216052532196
0.6876890063285828,0.693672776222229,0.06449151784181595,0.5904069542884827,0.03524784371256828,0.1546461433172226,0.019277332350611687,0.24820177257061005,0.0027203888166695833,0.3576992154121399,0.6088595390319824,0.098860964179039,0.03949348255991936,0.003496110439300537,0.12737257778644562
0.6667322516441345,0.750421941280365,0.009399236179888248,0.0568314790725708,0.0015972009859979153,0.17873390018939972,0.0006728471489623189,0.22027018666267395,0.002337066689506173,0.1574150025844574,0.029097141698002815,0.020437685772776604,0.009769038297235966,0.004646926652640104,0.09624791145324707
0.8900269269943237,0.8563547134399414,0.44790223240852356,0.6509708166122437,0.7252364754676819,0.8184340596199036,0.6731616258621216,0.7791737914085388,0.44943147897720337,0.6565566658973694,0.5325694680213928,0.8470093607902527,0.7042362689971924,0.21563689410686493,0.05353619158267975
0.8651885390281677,0.8222259879112244,0.236169695854187,0.5702492594718933,0.19507895410060883,0.3017003834247589,0.35418421030044556,0.39835837483406067,0.4193289875984192,0.5603029727935791,0.26562070846557617,0.6238861680030823,0.3212314546108246,0.025781024247407913,0.027943246066570282
0.4278510808944702,0.6600916385650635,0.24457664787769318,0.6518964171409607,0.284883588552475,0.27862074971199036,0.7331899404525757,0.5949234366416931,0.37736040353775024,0.48767560720443726,0.32442331314086914,0.5120397806167603,0.215606227517128,0.037304289638996124,0.23410722613334656
0.8389066457748413,0.7164092659950256,0.31092569231987,0.6606288552284241,0.31358250975608826,0.40813034772872925,0.43365052342414856,0.6454840302467346,0.4266061782836914,0.5749596953392029,0.5472668409347534,0.7101848125457764,0.605294406414032,0.1207171231508255,0.16903823614120483
0.9792913794517517,0.7831661105155945,0.11477376520633698,0.4940793812274933,0.0063968379981815815,0.3647576868534088,0.006566413678228855,0.19655145704746246,0.02391391061246395,0.5647949576377869,0.17541034519672394,0.022105269134044647,0.061447419226169586,0.008696610108017921,0.06550849229097366
0.3772612512111664,0.4000594913959503,0.04612398520112038,0.23886488378047943,0.002457986120134592,0.17532159388065338,0.015981238335371017,0.23624876141548157,0.050364866852760315,0.3007957935333252,0.1103992685675621,0.08156182616949081,0.018440084531903267,0.0008567256736569107,0.08874595165252686
0.5847996473312378,0.6837363243103027,0.06123713031411171,0.07989337295293808,0.02564535290002823,0.05352624133229256,0.09112290292978287,0.4455709457397461,0.020055050030350685,0.7160452604293823,0.08155875653028488,0.392647922039032,0.20067037642002106,0.010769481770694256,0.15561117231845856
0.8629584908485413,0.7921610474586487,0.5345730185508728,0.6692994236946106,0.04229196161031723,0.3034088611602783,0.05388837680220604,0.28809288144111633,0.0627252459526062,0.48756566643714905,0.332069993019104,0.5930219888687134,0.18306756019592285,0.015593168325722218,0.06561239808797836
0.44242358207702637,0.5038348436355591,0.07611706852912903,0.36448460817337036,0.06577993184328079,0.13486166298389435,0.029007868841290474,0.26921868324279785,0.00175873888656497,0.45714259147644043,0.16061578691005707,0.37763407826423645,0.27056923508644104,0.008753210306167603,0.21471314132213593
0.9819794297218323,0.3184747099876404,0.011867903172969818,0.06957313418388367,0.011058895848691463,0.03765404596924782,0.5880745649337769,0.49534186720848083,0.11595140397548676,0.024980291724205017,0.033991724252700806,0.046451833099126816,0.14546707272529602,0.009330655448138714,0.003470595460385084
0.9183692932128906,0.49496379494667053,0.02847137115895748,0.0757230743765831,0.00710954237729311,0.09505116194486618,0.004873091820627451,0.05843978002667427,0.0003819236299023032,0.11767720431089401,0.012780945748090744,0.02559572644531727,0.017866913229227066,0.00633008498698473,0.04509587213397026
0.8675428628921509,0.5572296380996704,0.35853105783462524,0.4436168670654297,0.3329591751098633,0.33195918798446655,0.5649972558021545,0.6381502747535706,0.6160141825675964,0.4881567656993866,0.2567107379436493,0.774195671081543,0.5784329175949097,0.08802850544452667,0.05221876874566078
0.7824952006340027,0.6898659467697144,0.08804776519536972,0.1348772794008255,0.006979580968618393,0.5729566216468811,0.002346768043935299,0.22122099995613098,0.0008654089760966599,0.20102490484714508,0.039371248334646225,0.3767758309841156,0.2120354324579239,0.06080091372132301,0.07285631448030472
0.23055300116539001,0.1944909393787384,0.04697740077972412,0.04633066803216934,0.0033288714475929737,0.3125499188899994,0.002205746714025736,0.04083229601383209,7.773937250021845e-05,0.040163803845644,0.08006549626588821,0.2095153033733368,0.02599254809319973,0.011115560308098793,0.026531945914030075
0.8238569498062134,0.7133961319923401,0.5024496912956238,0.7997118234634399,0.5404698252677917,0.7331346273422241,0.4106234312057495,0.6701754927635193,0.7051617503166199,0.6528655886650085,0.7028142809867859,0.7997673749923706,0.5271768569946289,0.07576444745063782,0.16900721192359924
0.24150478839874268,0.7562086582183838,0.04444925859570503,0.1320408284664154,0.005944585893303156,0.08634796738624573,0.00477112689986825,0.069516122341156,0.0018119754968211055,0.2615792155265808,0.038476452231407166,0.01883220486342907,0.0129818981513381,0.0027062499430030584,0.02439981885254383
0.8865273594856262,0.8337053060531616,0.01478512678295374,0.051126811653375626,0.003214971860870719,0.21536044776439667,0.0008695967844687402,0.001758486614562571,0.00023481070820707828,0.2700740694999695,0.056236475706100464,0.010374876670539379,0.003549137618392706,0.0007897345931269228,0.007742797490209341
0.847696840763092,0.6240342855453491,0.7433834671974182,0.3589542508125305,0.23186221718788147,0.5024619698524475,0.5983289480209351,0.6706656217575073,0.44479984045028687,0.8247833251953125,0.48347797989845276,0.8486226201057434,0.791027307510376,0.14721441268920898,0.28076860308647156
0.8836022019386292,0.7001641988754272,0.043630752712488174,0.162672221660614,0.009605998173356056,0.009780370630323887,0.012508288957178593,0.013628984801471233,0.002157215029001236,0.5642896294593811,0.040414754301309586,0.06371664255857468,0.0177299864590168,0.0052869366481900215,0.06614851206541061
0.2101622074842453,0.3190319538116455,0.006364181637763977,0.021359581500291824,0.0022732876241207123,0.0021598264575004578,0.0012558710295706987,0.0019211388425901532,0.07791794836521149,0.058960601687431335,0.018857793882489204,0.04652048647403717,0.010013660416007042,0.004006433300673962,0.10233413428068161
0.44261521100997925,0.15075699985027313,0.08037985861301422,0.20070402324199677,0.0378992035984993,0.1414209008216858,0.10355763137340546,0.21134378015995026,0.24705703556537628,0.1719077080488205,0.05590210109949112,0.1809316873550415,0.4309161901473999,0.030966660007834435,0.013798318803310394
0.5793520212173462,0.5859970450401306,0.4435214102268219,0.5913236737251282,0.19421131908893585,0.09323102980852127,0.22808437049388885,0.5095194578170776,0.22011685371398926,0.6843140125274658,0.315166711807251,0.4911031126976013,0.5275430083274841,0.06525194644927979,0.13494838774204254
0.853119969367981,0.24125134944915771,0.23948684334754944,0.2681804597377777,0.11766181886196136,0.14608052372932434,0.5385291576385498,0.4742406904697418,0.21179817616939545,0.5615611672401428,0.2222801148891449,0.6009271740913391,0.6319898366928101,0.05921589955687523,0.016538940370082855
0.06162521243095398,0.29523202776908875,0.02566492184996605,0.08455874770879745,0.0038145757280290127,0.01374799758195877,0.005278002005070448,0.004913000855594873,0.00029237911803647876,0.04904010519385338,0.16824135184288025,0.0185698289424181,0.0058190287090837955,0.0035420311614871025,0.025927603244781494
0.12863780558109283,0.7443385720252991,0.0077227260917425156,0.09632191807031631,0.0024655822198837996,0.007392008788883686,0.0017113604117184877,0.0068534365855157375,0.00030998740112408996,0.3628164529800415,0.02094101905822754,0.006687356624752283,0.009879782795906067,0.00037795977550558746,0.07913325726985931
0.6188488602638245,0.5966499447822571,0.07666801661252975,0.6749987602233887,0.012818611226975918,0.04951856657862663,0.009062494151294231,0.014843511395156384,0.001560198375955224,0.2412746399641037,0.12928146123886108,0.12938520312309265,0.14795748889446259,0.025033915415406227,0.046672940254211426
0.006599615793675184,0.15592364966869354,0.005840608384460211,0.14600378274917603,0.000398820178816095,0.001969557721167803,0.0003146630770061165,0.0006860567373223603,0.00010815959831234068,0.002533993683755398,0.013507064431905746,0.0014804351376369596,0.0013529236894100904,0.000146653619594872,0.0020890142768621445
0.010888801887631416,0.13461311161518097,0.0028918979223817587,0.04633158817887306,0.0032156568486243486,0.011262007988989353,0.0013941407669335604,0.0013055803719908,0.0006017677951604128,0.04411892965435982,0.005746683571487665,0.010016008280217648,0.006652618758380413,0.002304984489455819,0.05303765833377838
0.23073717951774597,0.40245527029037476,0.20143474638462067,0.1994922012090683,0.05148109793663025,0.022027304396033287,0.042000140994787216,0.1978839933872223,0.22458390891551971,0.3130035698413849,0.041923243552446365,0.18164268136024475,0.07173033058643341,0.01855129934847355,0.052366822957992554
0.42588376998901367,0.634374737739563,0.1800156831741333,0.40277430415153503,0.06114375218749046,0.11269990354776382,0.0882490873336792,0.3583265542984009,0.033901337534189224,0.4073081314563751,0.28857913613319397,0.39716508984565735,0.30087268352508545,0.007123901508748531,0.04883582517504692
0.09545719623565674,0.24038827419281006,0.030315682291984558,0.003267898689955473,0.0010201107943430543,0.06328679621219635,0.003442199667915702,0.3227182924747467,0.00014484622806776315,0.015349146910011768,0.018054602667689323,0.0921144038438797,0.010711233131587505,0.0034587052650749683,0.024440530687570572
0.8391535878181458,0.7137311100959778,0.465198278427124,0.7499196529388428,0.6828739643096924,0.7628166079521179,0.5659066438674927,0.7686843872070312,0.4278770387172699,0.7426403760910034,0.3875867426395416,0.8174190521240234,0.5992780327796936,0.7432152628898621,0.0073113092221319675
0.09302356094121933,0.6491119265556335,0.00812982115894556,0.10921185463666916,0.006360447499901056,0.052680231630802155,0.010052593424916267,0.11849799752235413,0.0002839577500708401,0.44804811477661133,0.027564365416765213,0.02635323256254196,0.009066591039299965,0.008275032043457031,0.13098283112049103
0.04635551944375038,0.1247648298740387,0.0033576800487935543,0.05269733816385269,0.0010462661739438772,0.024248231202363968,0.0007194436620920897,0.002931916154921055,0.0005039372481405735,0.10473960638046265,0.017992759123444557,0.01689475029706955,0.00577688729390502,0.0004388562811072916,0.03044266439974308
0.3057980537414551,0.5181597471237183,0.039132099598646164,0.09918341785669327,0.047508176416158676,0.942146360874176,0.9164296984672546,0.8200324773788452,0.021929049864411354,0.39471930265426636,0.061055008322000504,0.0638914406299591,0.2109229862689972,0.0014928739983588457,0.12086191773414612
0.2239367812871933,0.7815477848052979,0.008678197860717773,0.07429726421833038,0.0033996279817074537,0.2760508954524994,0.028832655400037766,0.4669049382209778,0.002439782489091158,0.23555988073349,0.06887057423591614,0.01678789220750332,0.0945059061050415,0.028747042641043663,0.07038076221942902
0.3947905898094177,0.377717524766922,0.07596186548471451,0.19441193342208862,0.28973114490509033,0.024361038580536842,0.25551605224609375,0.22137752175331116,0.23820988833904266,0.2983402907848358,0.13844433426856995,0.5197837352752686,0.0892011895775795,0.02095695212483406,0.4643542468547821
0.004446661099791527,0.1838718056678772,0.0010112832533195615,0.037937309592962265,0.0010934373131021857,0.0032440833747386932,0.00019656599033623934,0.0005648514488711953,0.00014881470997352153,0.011091754771769047,0.006292969919741154,0.0018956182757392526,0.001615604618564248,0.0005435602506622672,0.02534063532948494
0.28785932064056396,0.5686183571815491,0.07718711346387863,0.10113652795553207,0.00438954122364521,0.0994357317686081,0.003290000604465604,0.7474092245101929,0.0010545146651566029,0.160241961479187,0.09339691698551178,0.04758474975824356,0.014814639464020729,0.014018683694303036,0.032484788447618484
0.3436557948589325,0.6657428741455078,0.20438824594020844,0.47240468859672546,0.08981232345104218,0.05373213067650795,0.14909479022026062,0.15899576246738434,0.03983765468001366,0.4561191499233246,0.09504241496324539,0.07740984112024307,0.07751193642616272,0.01917024701833725,0.11905807256698608
0.699610710144043,0.40353861451148987,0.029249830171465874,0.17252905666828156,0.03232660889625549,0.03448047861456871,0.005083040799945593,0.02032196894288063,0.006322083529084921,0.45708903670310974,0.06254614889621735,0.09210145473480225,0.0767553299665451,0.07850261777639389,0.016040101647377014
0.886523425579071,0.844706654548645,0.07302185893058777,0.6317649483680725,0.07609809935092926,0.4727276563644409,0.049633558839559555,0.09911855310201645,0.001133215264417231,0.41831278800964355,0.193740576505661,0.21115028858184814,0.054851334542036057,0.024212965741753578,0.1414094716310501
0.9326117038726807,0.6112878322601318,0.014424728229641914,0.4420531690120697,0.0633903369307518,0.053056035190820694,0.08244185149669647,0.05138380825519562,0.029351167380809784,0.4139227569103241,0.07802383601665497,0.33159708976745605,0.05327122285962105,0.01485324278473854,0.11533976346254349
0.016442973166704178,0.023927776142954826,0.0012309730518609285,0.008319908753037453,0.008690396323800087,0.01905965246260166,0.00040612329030409455,0.002528569893911481,0.0002819110231939703,0.012873766012489796,0.003023456083610654,0.018710920587182045,0.002975399373099208,0.001526062493212521,0.023315565660595894
0.8580651879310608,0.8967795968055725,0.16474735736846924,0.5451571941375732,0.1369590014219284,0.11004259437322617,0.07095649838447571,0.1471562385559082,0.020214147865772247,0.647611141204834,0.2103889137506485,0.5526621341705322,0.4622974395751953,0.059733375906944275,0.14413730800151825
